# The following table is formatted as tab separated values. 
#GeneName	GeneId	TranscriptId	BioType	variants_impact_HIGH	variants_impact_LOW	variants_impact_MODERATE	variants_impact_MODIFIER	variants_effect_3_prime_UTR_variant	variants_effect_5_prime_UTR_premature_start_codon_gain_variant	variants_effect_5_prime_UTR_variant	variants_effect_downstream_gene_variant	variants_effect_intron_variant	variants_effect_missense_variant	variants_effect_splice_region_variant	variants_effect_stop_gained	variants_effect_synonymous_variant	variants_effect_upstream_gene_variant
AKT1	ENSG00000142208	ENST00000349310	protein_coding	0	1	0	0	0	0	0	0	0	0	0	0	1	0
AKT1	ENSG00000142208	ENST00000402615	protein_coding	0	1	0	0	0	0	0	0	0	0	0	0	1	0
AKT1	ENSG00000142208	ENST00000407796	protein_coding	0	1	0	0	0	0	0	0	0	0	0	0	1	0
AKT1	ENSG00000142208	ENST00000553797	protein_coding	0	1	0	0	0	0	0	0	0	0	0	0	1	0
AKT1	ENSG00000142208	ENST00000554192	protein_coding	0	0	0	1	0	0	0	0	0	0	0	0	0	1
AKT1	ENSG00000142208	ENST00000554581	protein_coding	0	1	0	0	0	0	0	0	0	0	0	0	1	0
AKT1	ENSG00000142208	ENST00000554848	protein_coding	0	1	0	0	0	0	0	0	0	0	0	0	1	0
AKT1	ENSG00000142208	ENST00000555458	protein_coding	0	0	0	1	0	0	0	0	0	0	0	0	0	1
AKT1	ENSG00000142208	ENST00000555528	protein_coding	0	1	0	0	0	0	0	0	0	0	0	0	1	0
AKT1	ENSG00000142208	ENST00000649815	protein_coding	0	1	0	0	0	0	0	0	0	0	0	0	1	0
AKT1	ENSG00000142208	ENST00000683722	protein_coding	0	1	0	0	0	0	0	0	0	0	0	0	1	0
APC	ENSG00000134982	ENST00000507379	protein_coding	0	0	0	1	0	0	0	0	0	0	0	0	0	1
APC	ENSG00000134982	ENST00000509732	protein_coding	0	0	0	1	0	0	0	0	0	0	0	0	0	1
AR	ENSG00000169083	ENST00000374690	protein_coding	0	0	1	1	0	0	0	0	1	1	0	0	0	0
AR	ENSG00000169083	ENST00000396044	protein_coding	0	0	1	1	0	0	0	0	1	1	0	0	0	0
AR	ENSG00000169083	ENST00000504326	protein_coding	0	0	1	1	0	0	0	0	1	1	0	0	0	0
ATR	ENSG00000175054	ENST00000350721	protein_coding	0	0	1	0	0	0	0	0	0	1	0	0	0	0
ATR	ENSG00000175054	ENST00000661310	protein_coding	0	0	1	0	0	0	0	0	0	1	0	0	0	0
ATRX	ENSG00000085224	ENST00000373344	protein_coding	0	0	1	2	0	0	1	0	1	1	0	0	0	0
ATRX	ENSG00000085224	ENST00000395603	protein_coding	0	0	1	2	0	0	1	0	1	1	0	0	0	0
ATRX	ENSG00000085224	ENST00000493470	protein_coding	0	0	0	2	0	0	0	0	0	0	0	0	0	2
ATRX	ENSG00000085224	ENST00000622960	protein_coding	0	0	0	1	0	0	1	0	0	0	0	0	0	0
ATRX	ENSG00000085224	ENST00000623321	protein_coding	0	0	0	3	0	0	1	1	1	0	0	0	0	0
ATRX	ENSG00000085224	ENST00000624032	protein_coding	0	0	0	3	0	0	1	1	1	0	0	0	0	0
ATRX	ENSG00000085224	ENST00000624166	protein_coding	0	0	1	2	0	0	1	0	1	1	0	0	0	0
ATRX	ENSG00000085224	ENST00000624668	protein_coding	0	0	0	3	0	0	1	2	0	0	0	0	0	0
ATRX	ENSG00000085224	ENST00000625063	protein_coding	0	0	0	2	0	0	0	1	1	0	0	0	0	0
AXIN2	ENSG00000168646	ENST00000307078	protein_coding	0	0	0	1	0	0	0	0	1	0	0	0	0	0
AXIN2	ENSG00000168646	ENST00000375702	protein_coding	0	0	0	1	0	0	0	0	1	0	0	0	0	0
AXIN2	ENSG00000168646	ENST00000618960	protein_coding	0	0	0	1	0	0	0	0	1	0	0	0	0	0
BARD1	ENSG00000138376	ENST00000260947	protein_coding	0	0	1	0	0	0	0	0	0	1	0	0	0	0
BARD1	ENSG00000138376	ENST00000421162	protein_coding	0	0	1	0	0	0	0	0	0	1	0	0	0	0
BARD1	ENSG00000138376	ENST00000613374	protein_coding	0	0	1	0	0	0	0	0	0	1	0	0	0	0
BARD1	ENSG00000138376	ENST00000613706	protein_coding	0	0	1	0	0	0	0	0	0	1	0	0	0	0
BARD1	ENSG00000138376	ENST00000617164	protein_coding	0	0	1	0	0	0	0	0	0	1	0	0	0	0
BARD1	ENSG00000138376	ENST00000619009	protein_coding	0	0	1	0	0	0	0	0	0	1	0	0	0	0
BARD1	ENSG00000138376	ENST00000620057	protein_coding	0	0	1	0	0	0	0	0	0	1	0	0	0	0
BRCA1	ENSG00000012048	ENST00000352993	protein_coding	0	0	0	3	0	0	0	0	3	0	0	0	0	0
BRCA1	ENSG00000012048	ENST00000354071	protein_coding	0	0	2	0	0	0	0	0	0	2	0	0	0	0
BRCA1	ENSG00000012048	ENST00000357654	protein_coding	0	0	2	1	0	0	0	0	1	2	0	0	0	0
BRCA1	ENSG00000012048	ENST00000461574	protein_coding	0	0	0	3	0	0	0	0	1	0	0	0	0	2
BRCA1	ENSG00000012048	ENST00000468300	protein_coding	0	0	0	3	0	0	0	0	3	0	0	0	0	0
BRCA1	ENSG00000012048	ENST00000470026	protein_coding	0	0	1	1	0	0	0	1	0	1	0	0	0	0
BRCA1	ENSG00000012048	ENST00000471181	protein_coding	0	0	2	1	0	0	0	0	1	2	0	0	0	0
BRCA1	ENSG00000012048	ENST00000473961	protein_coding	0	0	1	1	0	0	0	1	0	1	0	0	0	0
BRCA1	ENSG00000012048	ENST00000476777	protein_coding	0	0	0	2	0	0	0	2	0	0	0	0	0	0
BRCA1	ENSG00000012048	ENST00000477152	protein_coding	0	0	1	1	0	0	0	1	0	1	0	0	0	0
BRCA1	ENSG00000012048	ENST00000478531	protein_coding	0	0	0	3	0	0	0	0	3	0	0	0	0	0
BRCA1	ENSG00000012048	ENST00000484087	protein_coding	0	0	0	3	0	0	0	0	3	0	0	0	0	0
BRCA1	ENSG00000012048	ENST00000487825	protein_coding	0	0	0	3	0	0	0	0	3	0	0	0	0	0
BRCA1	ENSG00000012048	ENST00000491747	protein_coding	0	0	0	3	0	0	0	0	3	0	0	0	0	0
BRCA1	ENSG00000012048	ENST00000493795	protein_coding	0	0	2	1	0	0	0	0	1	2	0	0	0	0
BRCA1	ENSG00000012048	ENST00000493919	protein_coding	0	0	0	3	0	0	0	0	3	0	0	0	0	0
BRCA1	ENSG00000012048	ENST00000494123	protein_coding	0	0	1	1	0	0	0	1	0	1	0	0	0	0
BRCA1	ENSG00000012048	ENST00000497488	protein_coding	0	0	1	1	0	0	0	1	0	1	0	0	0	0
BRCA1	ENSG00000012048	ENST00000586385	protein_coding	0	0	0	3	0	0	0	0	3	0	0	0	0	0
BRCA1	ENSG00000012048	ENST00000591534	protein_coding	0	0	0	3	0	0	0	0	3	0	0	0	0	0
BRCA1	ENSG00000012048	ENST00000591849	protein_coding	0	0	0	3	0	0	0	0	3	0	0	0	0	0
BRCA1	ENSG00000012048	ENST00000634433	protein_coding	0	0	2	0	0	0	0	0	0	2	0	0	0	0
BRCA1	ENSG00000012048	ENST00000644379	protein_coding	0	0	0	3	0	0	0	0	1	0	0	0	0	2
BRCA1	ENSG00000012048	ENST00000652672	protein_coding	0	0	1	1	0	0	0	1	0	1	0	0	0	0
BRCA2	ENSG00000139618	ENST00000380152	protein_coding	0	0	1	0	0	0	0	0	0	1	0	0	0	0
BRCA2	ENSG00000139618	ENST00000544455	protein_coding	0	0	1	0	0	0	0	0	0	1	0	0	0	0
BRCA2	ENSG00000139618	ENST00000680887	protein_coding	0	0	1	0	0	0	0	0	0	1	0	0	0	0
CCNE1	ENSG00000105173	ENST00000262643	protein_coding	0	0	0	1	0	0	0	0	1	0	0	0	0	0
CCNE1	ENSG00000105173	ENST00000357943	protein_coding	0	0	0	1	0	0	0	0	1	0	0	0	0	0
CCNE1	ENSG00000105173	ENST00000444983	protein_coding	0	0	0	1	0	0	0	0	1	0	0	0	0	0
CCNE1	ENSG00000105173	ENST00000575243	protein_coding	0	0	0	1	0	0	0	1	0	0	0	0	0	0
CCNE1	ENSG00000105173	ENST00000576532	protein_coding	0	0	0	1	0	0	0	0	1	0	0	0	0	0
CDKN1B	ENSG00000111276	ENST00000228872	protein_coding	0	0	1	0	0	0	0	0	0	1	0	0	0	0
CDKN1B	ENSG00000111276	ENST00000396340	protein_coding	0	0	1	0	0	0	0	0	0	1	0	0	0	0
CDKN1B	ENSG00000111276	ENST00000442489	protein_coding	0	0	0	1	0	0	0	0	1	0	0	0	0	0
CDKN1B	ENSG00000111276	ENST00000614874	protein_coding	0	0	1	0	0	0	0	0	0	1	0	0	0	0
CHEK1	ENSG00000149554	ENST00000278916	protein_coding	0	0	0	1	0	0	0	0	1	0	0	0	0	0
CHEK1	ENSG00000149554	ENST00000427383	protein_coding	0	0	0	1	0	0	0	0	1	0	0	0	0	0
CHEK1	ENSG00000149554	ENST00000428830	protein_coding	0	0	0	1	0	0	0	0	1	0	0	0	0	0
CHEK1	ENSG00000149554	ENST00000438015	protein_coding	0	0	0	1	0	0	0	0	1	0	0	0	0	0
CHEK1	ENSG00000149554	ENST00000532449	protein_coding	0	0	0	1	0	0	0	0	1	0	0	0	0	0
CHEK1	ENSG00000149554	ENST00000534070	protein_coding	0	0	0	1	0	0	0	0	1	0	0	0	0	0
CHEK1	ENSG00000149554	ENST00000544373	protein_coding	0	0	0	1	0	0	0	0	1	0	0	0	0	0
CYP17A1	ENSG00000148795	ENST00000369887	protein_coding	0	1	0	0	0	0	0	0	0	0	0	0	1	0
CYP17A1	ENSG00000148795	ENST00000638190	protein_coding	0	1	0	0	0	0	0	0	0	0	0	0	1	0
CYP17A1	ENSG00000148795	ENST00000638272	protein_coding	0	1	0	0	0	0	0	0	0	0	0	0	1	0
CYP17A1	ENSG00000148795	ENST00000638971	protein_coding	0	1	0	0	0	0	0	0	0	0	0	0	1	0
CYP17A1	ENSG00000148795	ENST00000639393	protein_coding	0	1	0	0	0	0	0	0	0	0	0	0	1	0
DIS3L2	ENSG00000144535	ENST00000273009	protein_coding	0	0	0	1	0	0	0	0	1	0	0	0	0	0
DIS3L2	ENSG00000144535	ENST00000325385	protein_coding	0	0	0	1	0	0	0	0	1	0	0	0	0	0
EGFR	ENSG00000146648	ENST00000275493	protein_coding	0	0	0	1	0	0	0	0	1	0	0	0	0	0
EGFR	ENSG00000146648	ENST00000342916	protein_coding	0	0	0	1	0	0	0	0	1	0	0	0	0	0
EGFR	ENSG00000146648	ENST00000344576	protein_coding	0	0	0	1	0	0	0	0	1	0	0	0	0	0
EGFR	ENSG00000146648	ENST00000454757	protein_coding	0	0	0	1	0	0	0	0	1	0	0	0	0	0
EGFR	ENSG00000146648	ENST00000455089	protein_coding	0	0	0	1	0	0	0	0	1	0	0	0	0	0
ENSG00000282218	ENSG00000282218	ENST00000467125	protein_coding	0	0	0	3	0	0	0	0	3	0	0	0	0	0
ERBB4	ENSG00000178568	ENST00000342788	protein_coding	0	1	0	0	0	0	0	0	0	0	0	0	1	0
ERBB4	ENSG00000178568	ENST00000402597	protein_coding	0	1	0	0	0	0	0	0	0	0	0	0	1	0
ERBB4	ENSG00000178568	ENST00000436443	protein_coding	0	1	0	0	0	0	0	0	0	0	0	0	1	0
ESR1	ENSG00000091831	ENST00000206249	protein_coding	0	2	0	3	0	0	0	0	2	0	0	0	2	1
ESR1	ENSG00000091831	ENST00000338799	protein_coding	0	2	0	3	0	0	0	0	2	0	0	0	2	1
ESR1	ENSG00000091831	ENST00000404742	protein_coding	0	1	0	7	0	0	0	0	7	0	0	0	1	0
ESR1	ENSG00000091831	ENST00000406599	protein_coding	0	2	0	3	0	0	0	0	2	0	0	0	2	1
ESR1	ENSG00000091831	ENST00000415488	protein_coding	0	0	0	2	0	0	0	0	2	0	0	0	0	0
ESR1	ENSG00000091831	ENST00000427531	protein_coding	0	0	0	6	1	0	0	0	3	0	0	0	0	2
ESR1	ENSG00000091831	ENST00000440973	protein_coding	0	2	0	9	0	0	0	0	9	0	0	0	2	0
ESR1	ENSG00000091831	ENST00000443427	protein_coding	0	2	0	3	0	0	0	0	2	0	0	0	2	1
ESR1	ENSG00000091831	ENST00000446550	protein_coding	0	1	0	1	0	0	0	0	0	0	0	0	1	1
ESR1	ENSG00000091831	ENST00000456483	protein_coding	0	1	0	4	1	0	0	0	2	0	0	0	1	1
ETV6	ENSG00000139083	ENST00000266427	protein_coding	0	0	0	3	0	0	0	0	0	0	0	0	0	3
ETV6	ENSG00000139083	ENST00000396373	protein_coding	0	1	0	14	0	0	0	0	14	0	0	0	1	0
ETV6	ENSG00000139083	ENST00000545027	protein_coding	0	1	0	0	0	0	0	0	0	0	0	0	1	0
EZR	ENSG00000092820	ENST00000337147	protein_coding	0	0	0	1	0	0	0	0	1	0	0	0	0	0
EZR	ENSG00000092820	ENST00000367075	protein_coding	0	0	0	1	0	0	0	0	1	0	0	0	0	0
FANCA	ENSG00000187741	ENST00000389301	protein_coding	0	0	0	1	0	0	0	0	1	0	0	0	0	0
FANCA	ENSG00000187741	ENST00000568369	protein_coding	0	0	0	1	0	0	0	0	1	0	0	0	0	0
FANCD2	ENSG00000144554	ENST00000287647	protein_coding	0	0	0	1	0	0	0	0	1	0	0	0	0	0
FANCD2	ENSG00000144554	ENST00000419585	protein_coding	0	0	0	1	0	0	0	0	1	0	0	0	0	0
FANCD2	ENSG00000144554	ENST00000431693	protein_coding	0	0	0	1	0	0	0	0	1	0	0	0	0	0
FANCD2	ENSG00000144554	ENST00000625535	protein_coding	0	0	0	1	0	0	0	1	0	0	0	0	0	0
FANCD2	ENSG00000144554	ENST00000675286	protein_coding	0	0	0	1	0	0	0	0	1	0	0	0	0	0
FANCD2	ENSG00000144554	ENST00000676013	protein_coding	0	0	0	1	0	0	0	0	1	0	0	0	0	0
FANCM	ENSG00000187790	ENST00000267430	protein_coding	0	0	1	0	0	0	0	0	0	1	0	0	0	0
FANCM	ENSG00000187790	ENST00000542564	protein_coding	0	0	1	0	0	0	0	0	0	1	0	0	0	0
FANCM	ENSG00000187790	ENST00000554809	protein_coding	0	0	1	0	0	0	0	0	0	1	0	0	0	0
FANCM	ENSG00000187790	ENST00000556250	protein_coding	0	0	1	0	0	0	0	0	0	1	0	0	0	0
FBXO11	ENSG00000138081	ENST00000402508	protein_coding	0	0	0	1	0	0	0	1	0	0	0	0	0	0
FBXO11	ENSG00000138081	ENST00000403359	protein_coding	0	0	0	1	0	0	0	1	0	0	0	0	0	0
FBXO11	ENSG00000138081	ENST00000405808	protein_coding	0	0	0	1	0	0	0	0	1	0	0	0	0	0
FBXO11	ENSG00000138081	ENST00000683894	protein_coding	0	0	0	1	0	0	0	1	0	0	0	0	0	0
FGFR1	ENSG00000077782	ENST00000326324	protein_coding	0	1	0	4	0	0	0	0	5	0	1	0	0	0
FGFR1	ENSG00000077782	ENST00000335922	protein_coding	0	1	0	4	0	0	0	0	5	0	1	0	0	0
FGFR1	ENSG00000077782	ENST00000341462	protein_coding	0	1	0	4	0	0	0	0	5	0	1	0	0	0
FGFR1	ENSG00000077782	ENST00000356207	protein_coding	0	1	0	4	0	0	0	0	5	0	1	0	0	0
FGFR1	ENSG00000077782	ENST00000397091	protein_coding	0	1	0	4	0	0	0	0	5	0	1	0	0	0
FGFR1	ENSG00000077782	ENST00000397103	protein_coding	0	1	0	3	0	0	0	0	2	0	1	0	0	2
FGFR1	ENSG00000077782	ENST00000397108	protein_coding	0	1	0	4	0	0	0	0	5	0	1	0	0	0
FGFR1	ENSG00000077782	ENST00000397113	protein_coding	0	1	0	4	0	0	0	0	5	0	1	0	0	0
FGFR1	ENSG00000077782	ENST00000413133	protein_coding	0	0	0	4	0	0	0	1	3	0	0	0	0	0
FGFR1	ENSG00000077782	ENST00000425967	protein_coding	0	1	0	4	0	0	0	0	5	0	1	0	0	0
FGFR1	ENSG00000077782	ENST00000434187	protein_coding	0	0	0	4	0	0	0	1	2	0	0	0	0	1
FGFR1	ENSG00000077782	ENST00000440174	protein_coding	0	0	0	3	0	0	0	0	2	0	0	0	0	1
FGFR1	ENSG00000077782	ENST00000447712	protein_coding	0	1	0	4	0	0	0	0	5	0	1	0	0	0
FGFR1	ENSG00000077782	ENST00000525001	protein_coding	0	0	0	4	0	0	0	0	4	0	0	0	0	0
FGFR1	ENSG00000077782	ENST00000526742	protein_coding	0	0	0	4	0	0	0	0	4	0	0	0	0	0
FGFR1	ENSG00000077782	ENST00000529552	protein_coding	0	0	0	4	0	0	0	0	4	0	0	0	0	0
FGFR1	ENSG00000077782	ENST00000530568	protein_coding	0	0	0	4	0	0	0	1	2	0	0	0	0	1
FGFR1	ENSG00000077782	ENST00000532791	protein_coding	0	1	0	4	0	0	0	0	5	0	1	0	0	0
FGFR1	ENSG00000077782	ENST00000533668	protein_coding	0	0	0	4	0	0	0	0	4	0	0	0	0	0
FGFR1	ENSG00000077782	ENST00000683765	protein_coding	0	1	0	4	0	0	0	0	5	0	1	0	0	0
FGFR1	ENSG00000077782	ENST00000683815	protein_coding	0	1	0	4	0	0	0	0	5	0	1	0	0	0
FGFR1	ENSG00000077782	ENST00000684654	protein_coding	0	1	0	4	0	0	0	0	5	0	1	0	0	0
FGFR2	ENSG00000066468	ENST00000336553	protein_coding	0	0	0	2	0	0	0	2	0	0	0	0	0	0
FGFR2	ENSG00000066468	ENST00000346997	protein_coding	0	0	0	2	0	0	0	1	1	0	0	0	0	0
FGFR2	ENSG00000066468	ENST00000351936	protein_coding	0	0	0	2	1	0	0	0	1	0	0	0	0	0
FGFR2	ENSG00000066468	ENST00000356226	protein_coding	0	0	0	2	1	0	0	0	1	0	0	0	0	0
FGFR2	ENSG00000066468	ENST00000357555	protein_coding	0	1	0	1	0	0	0	0	1	0	0	0	1	0
FGFR2	ENSG00000066468	ENST00000358487	protein_coding	0	0	0	2	1	0	0	0	1	0	0	0	0	0
FGFR2	ENSG00000066468	ENST00000360144	protein_coding	0	0	0	2	0	0	0	1	1	0	0	0	0	0
FGFR2	ENSG00000066468	ENST00000369056	protein_coding	0	0	0	2	0	0	0	1	1	0	0	0	0	0
FGFR2	ENSG00000066468	ENST00000369058	protein_coding	0	0	0	2	0	0	0	2	0	0	0	0	0	0
FGFR2	ENSG00000066468	ENST00000369059	protein_coding	0	0	0	2	0	0	0	1	1	0	0	0	0	0
FGFR2	ENSG00000066468	ENST00000369060	protein_coding	0	0	0	2	1	0	0	0	1	0	0	0	0	0
FGFR2	ENSG00000066468	ENST00000369061	protein_coding	0	0	0	2	1	0	0	0	1	0	0	0	0	0
FGFR2	ENSG00000066468	ENST00000429361	protein_coding	0	0	0	2	0	0	0	1	1	0	0	0	0	0
FGFR2	ENSG00000066468	ENST00000457416	protein_coding	0	0	0	2	0	0	0	1	1	0	0	0	0	0
FGFR2	ENSG00000066468	ENST00000478859	protein_coding	0	0	0	2	1	0	0	0	1	0	0	0	0	0
FGFR2	ENSG00000066468	ENST00000613048	protein_coding	0	0	0	2	1	0	0	0	1	0	0	0	0	0
FGFR2	ENSG00000066468	ENST00000638709	protein_coding	0	0	0	2	1	0	0	0	1	0	0	0	0	0
FGFR2	ENSG00000066468	ENST00000682550	protein_coding	0	0	0	2	1	0	0	0	1	0	0	0	0	0
FGFR2	ENSG00000066468	ENST00000682772	protein_coding	0	0	0	2	1	0	0	0	1	0	0	0	0	0
FGFR2	ENSG00000066468	ENST00000683211	protein_coding	0	0	0	2	1	0	0	0	1	0	0	0	0	0
FGFR2	ENSG00000066468	ENST00000684153	protein_coding	0	0	0	2	1	0	0	0	1	0	0	0	0	0
GNA11	ENSG00000088256	ENST00000078429	protein_coding	0	0	0	1	0	0	0	0	1	0	0	0	0	0
GNA11	ENSG00000088256	ENST00000587636	protein_coding	0	0	0	1	0	0	0	0	0	0	0	0	0	1
GNA11	ENSG00000088256	ENST00000588401	protein_coding	0	0	0	1	0	0	0	0	0	0	0	0	0	1
KDR	ENSG00000128052	ENST00000263923	protein_coding	0	0	0	2	0	0	0	0	2	0	0	0	0	0
KIT	ENSG00000157404	ENST00000288135	protein_coding	0	0	0	1	0	0	0	0	1	0	0	0	0	0
KIT	ENSG00000157404	ENST00000412167	protein_coding	0	0	0	1	0	0	0	0	1	0	0	0	0	0
KIT	ENSG00000157404	ENST00000686011	protein_coding	0	0	0	1	0	0	0	0	1	0	0	0	0	0
KIT	ENSG00000157404	ENST00000687109	protein_coding	0	0	0	1	0	0	0	0	1	0	0	0	0	0
KIT	ENSG00000157404	ENST00000687246	protein_coding	0	0	0	1	0	0	0	0	1	0	0	0	0	0
KIT	ENSG00000157404	ENST00000687295	protein_coding	0	0	0	1	0	0	0	0	1	0	0	0	0	0
KIT	ENSG00000157404	ENST00000689832	protein_coding	0	0	0	1	0	0	0	0	1	0	0	0	0	0
KIT	ENSG00000157404	ENST00000689994	protein_coding	0	0	0	1	0	0	0	0	1	0	0	0	0	0
KIT	ENSG00000157404	ENST00000690543	protein_coding	0	0	0	1	0	0	0	0	1	0	0	0	0	0
KIT	ENSG00000157404	ENST00000692783	protein_coding	0	0	0	1	0	0	0	0	1	0	0	0	0	0
LETM2	ENSG00000165046	ENST00000379957	protein_coding	0	0	0	1	0	0	0	1	0	0	0	0	0	0
MCPH1	ENSG00000147316	ENST00000344683	protein_coding	0	0	1	0	0	0	0	0	0	1	0	0	0	0
MCPH1	ENSG00000147316	ENST00000521129	protein_coding	0	0	1	0	0	0	0	0	0	1	0	0	0	0
MCPH1	ENSG00000147316	ENST00000687413	protein_coding	0	0	1	0	0	0	0	0	0	1	0	0	0	0
MCPH1	ENSG00000147316	ENST00000689348	protein_coding	0	0	1	0	0	0	0	0	0	1	0	0	0	0
MCPH1	ENSG00000147316	ENST00000689633	protein_coding	0	0	0	1	0	0	0	0	1	0	0	0	0	0
MCPH1	ENSG00000147316	ENST00000689736	protein_coding	0	0	0	1	0	0	0	0	1	0	0	0	0	0
MCPH1	ENSG00000147316	ENST00000690708	protein_coding	0	0	1	0	0	0	0	0	0	1	0	0	0	0
MCPH1	ENSG00000147316	ENST00000690826	protein_coding	0	0	1	0	0	0	0	0	0	1	0	0	0	0
MCPH1	ENSG00000147316	ENST00000691435	protein_coding	0	0	1	0	0	0	0	0	0	1	0	0	0	0
MCPH1	ENSG00000147316	ENST00000692836	protein_coding	0	0	1	0	0	0	0	0	0	1	0	0	0	0
MCPH1	ENSG00000147316	ENST00000692938	protein_coding	0	0	1	0	0	0	0	0	0	1	0	0	0	0
MET	ENSG00000105976	ENST00000318493	protein_coding	0	0	0	1	0	0	0	0	1	0	0	0	0	0
MET	ENSG00000105976	ENST00000397752	protein_coding	0	0	0	1	0	0	0	0	1	0	0	0	0	0
MET	ENSG00000105976	ENST00000436117	protein_coding	0	0	0	1	0	0	0	0	0	0	0	0	0	1
MET	ENSG00000105976	ENST00000456159	protein_coding	0	0	0	1	0	0	0	0	1	0	0	0	0	0
MITF	ENSG00000187098	ENST00000352241	protein_coding	0	0	0	1	0	0	1	0	0	0	0	0	0	0
MITF	ENSG00000187098	ENST00000642352	protein_coding	0	0	0	1	0	0	1	0	0	0	0	0	0	0
MITF	ENSG00000187098	ENST00000687384	protein_coding	0	0	0	1	0	0	1	0	0	0	0	0	0	0
MITF	ENSG00000187098	ENST00000693031	protein_coding	0	0	0	1	0	0	1	0	0	0	0	0	0	0
MSH2	ENSG00000095002	ENST00000233146	protein_coding	0	0	1	0	0	0	0	0	0	1	0	0	0	0
MSH2	ENSG00000095002	ENST00000406134	protein_coding	0	0	1	0	0	0	0	0	0	1	0	0	0	0
MSH2	ENSG00000095002	ENST00000543555	protein_coding	0	0	1	0	0	0	0	0	0	1	0	0	0	0
MSH2	ENSG00000095002	ENST00000645506	protein_coding	0	0	1	0	0	0	0	0	0	1	0	0	0	0
MSH6	ENSG00000116062	ENST00000234420	protein_coding	0	0	0	1	0	0	0	0	1	0	0	0	0	0
MSH6	ENSG00000116062	ENST00000411819	protein_coding	0	0	0	1	0	0	0	1	0	0	0	0	0	0
MSH6	ENSG00000116062	ENST00000538136	protein_coding	0	0	0	1	0	0	0	0	1	0	0	0	0	0
MSH6	ENSG00000116062	ENST00000540021	protein_coding	0	0	0	1	0	0	0	0	1	0	0	0	0	0
MSH6	ENSG00000116062	ENST00000614496	protein_coding	0	0	0	1	0	0	0	0	1	0	0	0	0	0
MSH6	ENSG00000116062	ENST00000652107	protein_coding	0	0	0	1	0	0	0	0	1	0	0	0	0	0
MSH6	ENSG00000116062	ENST00000673637	protein_coding	0	0	0	1	0	0	0	0	1	0	0	0	0	0
MX1	ENSG00000157601	ENST00000679386	protein_coding	0	0	0	1	0	0	0	1	0	0	0	0	0	0
NF1	ENSG00000196712	ENST00000356175	protein_coding	0	1	0	0	0	0	0	0	0	0	0	0	1	0
NF1	ENSG00000196712	ENST00000358273	protein_coding	0	1	0	0	0	0	0	0	0	0	0	0	1	0
NF1	ENSG00000196712	ENST00000431387	protein_coding	0	0	0	1	0	0	0	1	0	0	0	0	0	0
NF1	ENSG00000196712	ENST00000456735	protein_coding	0	1	0	0	0	0	0	0	0	0	0	0	1	0
NF1	ENSG00000196712	ENST00000686189	protein_coding	0	0	0	1	0	0	0	1	0	0	0	0	0	0
NF1	ENSG00000196712	ENST00000691014	protein_coding	0	1	0	0	0	0	0	0	0	0	0	0	1	0
NKAPD1	ENSG00000150776	ENST00000280352	protein_coding	0	0	0	2	0	0	0	2	0	0	0	0	0	0
NKAPD1	ENSG00000150776	ENST00000393047	protein_coding	0	0	0	2	0	0	0	2	0	0	0	0	0	0
NKAPD1	ENSG00000150776	ENST00000420986	protein_coding	0	0	0	2	0	0	0	2	0	0	0	0	0	0
NKAPD1	ENSG00000150776	ENST00000525785	protein_coding	0	0	0	1	0	0	0	1	0	0	0	0	0	0
NKAPD1	ENSG00000150776	ENST00000531378	protein_coding	0	0	0	1	0	0	0	1	0	0	0	0	0	0
NKAPD1	ENSG00000150776	ENST00000532163	protein_coding	0	0	0	2	0	0	0	2	0	0	0	0	0	0
NOTCH4	ENSG00000204301	ENST00000375023	protein_coding	0	3	0	1	0	1	1	0	0	0	0	0	2	0
NRG1	ENSG00000157168	ENST00000287842	protein_coding	0	0	0	12	0	0	0	0	12	0	0	0	0	0
NRG1	ENSG00000157168	ENST00000356819	protein_coding	0	0	0	12	0	0	0	0	12	0	0	0	0	0
NRG1	ENSG00000157168	ENST00000405005	protein_coding	0	0	0	12	0	0	0	0	12	0	0	0	0	0
NRG1	ENSG00000157168	ENST00000518206	protein_coding	0	0	0	12	0	0	0	0	12	0	0	0	0	0
NRG1	ENSG00000157168	ENST00000519301	protein_coding	0	0	0	12	0	0	0	0	12	0	0	0	0	0
NRG1	ENSG00000157168	ENST00000520407	protein_coding	0	0	0	12	0	0	0	0	12	0	0	0	0	0
NRG1	ENSG00000157168	ENST00000520502	protein_coding	0	0	0	12	0	0	0	0	12	0	0	0	0	0
NRG1	ENSG00000157168	ENST00000521670	protein_coding	0	0	0	12	0	0	0	0	12	0	0	0	0	0
NRG1	ENSG00000157168	ENST00000522569	protein_coding	0	0	0	12	0	0	0	0	12	0	0	0	0	0
NRG1	ENSG00000157168	ENST00000523041	protein_coding	0	0	0	12	0	0	0	0	12	0	0	0	0	0
NRG1	ENSG00000157168	ENST00000523079	protein_coding	0	0	0	12	0	0	0	0	12	0	0	0	0	0
NRG1	ENSG00000157168	ENST00000523534	protein_coding	0	0	0	12	0	0	0	0	12	0	0	0	0	0
NRG1	ENSG00000157168	ENST00000650819	protein_coding	0	0	0	12	0	0	0	0	12	0	0	0	0	0
NRG1	ENSG00000157168	ENST00000650866	protein_coding	0	0	0	12	0	0	0	0	12	0	0	0	0	0
NRG1	ENSG00000157168	ENST00000650919	protein_coding	0	0	0	12	0	0	0	0	12	0	0	0	0	0
NRG1	ENSG00000157168	ENST00000650967	protein_coding	0	0	0	12	0	0	0	0	12	0	0	0	0	0
NRG1	ENSG00000157168	ENST00000650980	protein_coding	0	0	0	12	0	0	0	0	12	0	0	0	0	0
NRG1	ENSG00000157168	ENST00000651149	protein_coding	0	0	0	12	0	0	0	0	12	0	0	0	0	0
NRG1	ENSG00000157168	ENST00000651333	protein_coding	0	0	0	12	0	0	0	0	12	0	0	0	0	0
NRG1	ENSG00000157168	ENST00000651335	protein_coding	0	0	0	12	0	0	0	0	12	0	0	0	0	0
NRG1	ENSG00000157168	ENST00000652588	protein_coding	0	0	0	12	0	0	0	0	12	0	0	0	0	0
NRG1	ENSG00000157168	ENST00000652592	protein_coding	0	0	0	12	0	0	0	0	12	0	0	0	0	0
NRG1	ENSG00000157168	ENST00000652698	protein_coding	0	0	0	12	0	0	0	0	12	0	0	0	0	0
NTRK2	ENSG00000148053	ENST00000277120	protein_coding	0	0	1	3	0	0	0	0	3	1	0	0	0	0
NTRK2	ENSG00000148053	ENST00000304053	protein_coding	0	0	1	3	0	0	0	0	3	1	0	0	0	0
NTRK2	ENSG00000148053	ENST00000323115	protein_coding	0	0	1	3	0	0	0	0	3	1	0	0	0	0
NTRK2	ENSG00000148053	ENST00000359847	protein_coding	0	0	1	2	0	0	0	0	2	1	0	0	0	0
NTRK2	ENSG00000148053	ENST00000376208	protein_coding	0	0	1	3	0	0	0	0	3	1	0	0	0	0
NTRK2	ENSG00000148053	ENST00000376213	protein_coding	0	0	1	3	0	0	0	0	3	1	0	0	0	0
NTRK2	ENSG00000148053	ENST00000395882	protein_coding	0	0	1	2	0	0	0	0	2	1	0	0	0	0
NTRK2	ENSG00000148053	ENST00000685387	protein_coding	0	0	1	2	0	0	0	0	2	1	0	0	0	0
NTRK2	ENSG00000148053	ENST00000685720	protein_coding	0	0	1	3	0	0	0	0	3	1	0	0	0	0
NTRK2	ENSG00000148053	ENST00000686259	protein_coding	0	0	1	3	0	0	0	0	3	1	0	0	0	0
NTRK2	ENSG00000148053	ENST00000686322	protein_coding	0	0	1	2	0	0	0	0	2	1	0	0	0	0
NTRK2	ENSG00000148053	ENST00000686324	protein_coding	0	0	1	3	0	0	0	0	3	1	0	0	0	0
NTRK2	ENSG00000148053	ENST00000686443	protein_coding	0	0	1	3	0	0	0	0	3	1	0	0	0	0
NTRK2	ENSG00000148053	ENST00000686496	protein_coding	0	0	1	3	0	0	0	0	3	1	0	0	0	0
NTRK2	ENSG00000148053	ENST00000686542	protein_coding	0	0	1	2	0	0	0	0	2	1	0	0	0	0
NTRK2	ENSG00000148053	ENST00000687148	protein_coding	0	0	1	2	0	0	0	0	2	1	0	0	0	0
NTRK2	ENSG00000148053	ENST00000687386	protein_coding	0	0	1	3	0	0	0	0	3	1	0	0	0	0
NTRK2	ENSG00000148053	ENST00000687596	protein_coding	0	0	1	2	0	0	0	0	2	1	0	0	0	0
NTRK2	ENSG00000148053	ENST00000687636	protein_coding	0	0	1	3	0	0	0	0	3	1	0	0	0	0
NTRK2	ENSG00000148053	ENST00000688013	protein_coding	0	0	1	2	0	0	0	0	2	1	0	0	0	0
NTRK2	ENSG00000148053	ENST00000689301	protein_coding	0	0	1	3	0	0	0	0	3	1	0	0	0	0
NTRK2	ENSG00000148053	ENST00000689685	protein_coding	0	0	1	2	0	0	0	0	2	1	0	0	0	0
NTRK2	ENSG00000148053	ENST00000689815	protein_coding	0	0	1	2	0	0	0	0	2	1	0	0	0	0
NTRK2	ENSG00000148053	ENST00000690281	protein_coding	0	0	1	2	0	0	0	0	2	1	0	0	0	0
NTRK2	ENSG00000148053	ENST00000691415	protein_coding	0	0	1	2	0	0	0	0	2	1	0	0	0	0
NTRK2	ENSG00000148053	ENST00000691788	protein_coding	0	0	1	3	0	0	0	0	3	1	0	0	0	0
NTRK2	ENSG00000148053	ENST00000692181	protein_coding	0	0	1	3	0	0	0	0	3	1	0	0	0	0
NTRK2	ENSG00000148053	ENST00000692389	protein_coding	0	0	1	2	0	0	0	0	2	1	0	0	0	0
NTRK2	ENSG00000148053	ENST00000692473	protein_coding	0	0	1	3	0	0	0	0	3	1	0	0	0	0
NTRK2	ENSG00000148053	ENST00000692506	protein_coding	0	0	1	2	0	0	0	0	2	1	0	0	0	0
NTRK2	ENSG00000148053	ENST00000692762	protein_coding	0	0	1	2	0	0	0	0	2	1	0	0	0	0
NTRK2	ENSG00000148053	ENST00000692804	protein_coding	0	0	1	2	0	0	0	0	2	1	0	0	0	0
NTRK2	ENSG00000148053	ENST00000693109	protein_coding	0	0	1	2	0	0	0	0	2	1	0	0	0	0
NTRK2	ENSG00000148053	ENST00000693127	protein_coding	0	0	1	2	0	0	0	0	2	1	0	0	0	0
NTRK2	ENSG00000148053	ENST00000693384	protein_coding	0	0	1	2	0	0	0	0	2	1	0	0	0	0
NTRK2	ENSG00000148053	ENST00000693539	protein_coding	0	0	1	3	0	0	0	0	3	1	0	0	0	0
NTRK3	ENSG00000140538	ENST00000317501	protein_coding	0	1	0	23	0	0	0	0	23	0	0	0	1	0
NTRK3	ENSG00000140538	ENST00000355254	protein_coding	0	1	0	28	0	0	0	0	28	0	0	0	1	0
NTRK3	ENSG00000140538	ENST00000357724	protein_coding	0	1	0	28	0	0	0	0	28	0	0	0	1	0
NTRK3	ENSG00000140538	ENST00000360948	protein_coding	0	1	0	28	0	0	0	0	28	0	0	0	1	0
NTRK3	ENSG00000140538	ENST00000394480	protein_coding	0	1	0	28	0	0	0	0	28	0	0	0	1	0
NTRK3	ENSG00000140538	ENST00000540489	protein_coding	0	1	0	23	0	0	0	0	23	0	0	0	1	0
NTRK3	ENSG00000140538	ENST00000542733	protein_coding	0	1	0	28	0	0	0	0	28	0	0	0	1	0
NTRK3	ENSG00000140538	ENST00000557856	protein_coding	0	1	0	28	0	0	0	0	28	0	0	0	1	0
NTRK3	ENSG00000140538	ENST00000558676	protein_coding	0	1	0	28	0	0	0	0	28	0	0	0	1	0
NTRK3	ENSG00000140538	ENST00000560017	protein_coding	0	0	0	6	0	0	0	0	6	0	0	0	0	0
NTRK3	ENSG00000140538	ENST00000626019	protein_coding	0	1	0	28	0	0	0	0	28	0	0	0	1	0
NTRK3	ENSG00000140538	ENST00000629765	protein_coding	0	1	0	28	0	0	0	0	28	0	0	0	1	0
PDCD1LG2	ENSG00000197646	ENST00000397747	protein_coding	0	0	0	1	1	0	0	0	0	0	0	0	0	0
PDGFRB	ENSG00000113721	ENST00000261799	protein_coding	0	1	0	0	0	0	0	0	0	0	0	0	1	0
PPP2R1A	ENSG00000105568	ENST00000322088	protein_coding	0	1	0	0	0	0	0	0	0	0	0	0	1	0
PPP2R1A	ENSG00000105568	ENST00000391791	protein_coding	0	1	0	0	0	0	0	0	0	0	0	0	1	0
PPP2R1A	ENSG00000105568	ENST00000462990	protein_coding	0	1	0	0	0	0	0	0	0	0	0	0	1	0
RAD51B	ENSG00000182185	ENST00000487861	protein_coding	0	0	0	1	0	0	0	0	1	0	0	0	0	0
RAD51B	ENSG00000182185	ENST00000488612	protein_coding	0	0	0	1	0	0	0	0	1	0	0	0	0	0
RB1	ENSG00000139687	ENST00000267163	protein_coding	1	0	0	0	0	0	0	0	0	0	0	1	0	0
RB1	ENSG00000139687	ENST00000643064	protein_coding	0	0	0	1	0	0	0	0	1	0	0	0	0	0
RB1	ENSG00000139687	ENST00000650461	protein_coding	1	0	0	0	0	0	0	0	0	0	0	1	0	0
RET	ENSG00000165731	ENST00000340058	protein_coding	0	0	0	1	0	0	0	0	1	0	0	0	0	0
RET	ENSG00000165731	ENST00000355710	protein_coding	0	0	0	1	0	0	0	0	1	0	0	0	0	0
RET	ENSG00000165731	ENST00000615310	protein_coding	0	0	0	1	0	0	0	0	1	0	0	0	0	0
ROS1	ENSG00000047936	ENST00000368507	protein_coding	0	0	1	2	0	0	0	0	2	1	0	0	0	0
ROS1	ENSG00000047936	ENST00000368508	protein_coding	0	0	1	2	0	0	0	0	2	1	0	0	0	0
RSPO2	ENSG00000147655	ENST00000276659	protein_coding	0	0	1	0	0	0	0	0	0	1	0	0	0	0
RSPO2	ENSG00000147655	ENST00000517781	protein_coding	0	0	1	0	0	0	0	0	0	1	0	0	0	0
RSPO2	ENSG00000147655	ENST00000517939	protein_coding	0	0	1	0	0	0	0	0	0	1	0	0	0	0
SDC4	ENSG00000124145	ENST00000372733	protein_coding	0	0	0	1	0	0	0	0	1	0	0	0	0	0
SDHA	ENSG00000073578	ENST00000264932	protein_coding	0	1	0	1	0	0	0	0	2	0	1	0	0	0
SDHA	ENSG00000073578	ENST00000504309	protein_coding	0	1	0	1	0	0	0	0	2	0	1	0	0	0
SDHA	ENSG00000073578	ENST00000510361	protein_coding	0	0	0	2	0	0	0	0	2	0	0	0	0	0
SDHD	ENSG00000204370	ENST00000375549	protein_coding	0	0	1	1	0	0	0	0	1	1	0	0	0	0
SDHD	ENSG00000204370	ENST00000525291	protein_coding	0	0	1	1	0	0	0	0	1	1	0	0	0	0
SDHD	ENSG00000204370	ENST00000526592	protein_coding	0	0	1	1	0	0	0	0	1	1	0	0	0	0
SDHD	ENSG00000204370	ENST00000528021	protein_coding	0	0	1	1	0	0	0	0	1	1	0	0	0	0
SDHD	ENSG00000204370	ENST00000528048	protein_coding	0	0	1	1	0	0	0	0	1	1	0	0	0	0
SDHD	ENSG00000204370	ENST00000528182	protein_coding	0	0	1	1	0	0	0	0	1	1	0	0	0	0
SETD2	ENSG00000181555	ENST00000409792	protein_coding	0	1	0	1	0	0	0	0	1	0	0	0	1	0
SETD2	ENSG00000181555	ENST00000412450	protein_coding	0	1	0	0	0	0	0	0	0	0	0	0	1	0
SETD2	ENSG00000181555	ENST00000638947	protein_coding	0	1	0	1	0	0	0	0	1	0	0	0	1	0
SETD2	ENSG00000181555	ENST00000685005	protein_coding	0	1	0	1	0	0	0	0	1	0	0	0	1	0
SETD2	ENSG00000181555	ENST00000685399	protein_coding	0	1	0	1	0	0	0	0	1	0	0	0	1	0
SETD2	ENSG00000181555	ENST00000686876	protein_coding	0	1	0	1	0	0	0	0	1	0	0	0	1	0
SETD2	ENSG00000181555	ENST00000690157	protein_coding	0	1	0	1	0	0	0	0	1	0	0	0	1	0
SETD2	ENSG00000181555	ENST00000691544	protein_coding	0	0	0	2	0	0	0	0	2	0	0	0	0	0
SETD2	ENSG00000181555	ENST00000691902	protein_coding	0	1	0	1	0	0	0	0	1	0	0	0	1	0
SF3B1	ENSG00000115524	ENST00000335508	protein_coding	0	1	0	1	0	0	0	0	1	0	0	0	1	0
SF3B1	ENSG00000115524	ENST00000414963	protein_coding	0	1	0	0	0	0	0	0	0	0	0	0	1	0
SF3B1	ENSG00000115524	ENST00000424674	protein_coding	0	0	0	1	0	0	0	0	0	0	0	0	0	1
SF3B1	ENSG00000115524	ENST00000487698	protein_coding	0	1	0	0	0	0	0	0	0	0	0	0	1	0
SLC34A2	ENSG00000157765	ENST00000382051	protein_coding	0	0	0	1	0	0	0	0	1	0	0	0	0	0
SLC34A2	ENSG00000157765	ENST00000503434	protein_coding	0	0	0	1	0	0	0	0	1	0	0	0	0	0
SLC34A2	ENSG00000157765	ENST00000504570	protein_coding	0	0	0	1	0	0	0	0	1	0	0	0	0	0
SLC34A2	ENSG00000157765	ENST00000507530	protein_coding	0	0	0	1	0	0	0	0	1	0	0	0	0	0
SLC34A2	ENSG00000157765	ENST00000513204	protein_coding	0	0	0	1	0	0	0	0	1	0	0	0	0	0
SLC34A2	ENSG00000157765	ENST00000645788	protein_coding	0	0	0	1	0	0	0	0	1	0	0	0	0	0
SYNE1	ENSG00000131018	ENST00000354674	protein_coding	0	0	0	1	0	0	0	0	1	0	0	0	0	0
SYNE1	ENSG00000131018	ENST00000367251	protein_coding	0	0	0	1	0	0	0	0	1	0	0	0	0	0
SYNE1	ENSG00000131018	ENST00000367255	protein_coding	0	0	0	1	0	0	0	0	1	0	0	0	0	0
SYNE1	ENSG00000131018	ENST00000367257	protein_coding	0	0	0	1	0	0	0	0	1	0	0	0	0	0
SYNE1	ENSG00000131018	ENST00000423061	protein_coding	0	0	0	1	0	0	0	0	1	0	0	0	0	0
SYNE1	ENSG00000131018	ENST00000539504	protein_coding	0	0	0	1	0	0	0	0	1	0	0	0	0	0
SYNE1	ENSG00000131018	ENST00000672154	protein_coding	0	0	0	1	0	0	0	0	1	0	0	0	0	0
SYNE1	ENSG00000131018	ENST00000672169	protein_coding	0	0	0	1	0	0	0	0	1	0	0	0	0	0
SYNE1	ENSG00000131018	ENST00000673173	protein_coding	0	0	0	1	0	0	0	0	1	0	0	0	0	0
TACC3	ENSG00000013810	ENST00000313288	protein_coding	0	1	0	0	0	0	0	0	0	0	0	0	1	0
TACC3	ENSG00000013810	ENST00000470136	protein_coding	0	1	0	0	0	0	0	0	0	0	0	0	1	0
TACC3	ENSG00000013810	ENST00000612220	protein_coding	0	1	0	0	0	0	0	0	0	0	0	0	1	0
TACC3	ENSG00000013810	ENST00000651472	protein_coding	0	1	0	0	0	0	0	0	0	0	0	0	1	0
TACC3	ENSG00000013810	ENST00000652770	protein_coding	0	1	0	0	0	0	0	0	0	0	0	0	1	0
TFE3	ENSG00000068323	ENST00000315869	protein_coding	0	0	0	1	0	0	0	0	1	0	0	0	0	0
TIMM8B	ENSG00000150779	ENST00000504148	protein_coding	0	0	0	2	0	0	0	0	0	0	0	0	0	2
TIMM8B	ENSG00000150779	ENST00000541231	protein_coding	0	0	0	2	0	0	0	0	0	0	0	0	0	2
TMPRSS2	ENSG00000184012	ENST00000332149	protein_coding	0	1	0	3	0	0	0	0	3	0	0	0	1	0
TMPRSS2	ENSG00000184012	ENST00000398585	protein_coding	0	1	0	3	0	0	0	0	3	0	0	0	1	0
TMPRSS2	ENSG00000184012	ENST00000424093	protein_coding	0	1	0	3	0	0	0	0	3	0	0	0	1	0
TMPRSS2	ENSG00000184012	ENST00000454499	protein_coding	0	1	0	3	0	0	0	0	3	0	0	0	1	0
TMPRSS2	ENSG00000184012	ENST00000455813	protein_coding	0	0	0	2	0	0	0	0	2	0	0	0	0	0
TMPRSS2	ENSG00000184012	ENST00000458356	protein_coding	0	1	0	3	0	0	0	0	3	0	0	0	1	0
TMPRSS2	ENSG00000184012	ENST00000676973	protein_coding	0	1	0	3	0	0	0	0	3	0	0	0	1	0
TMPRSS2	ENSG00000184012	ENST00000678171	protein_coding	0	1	0	3	0	0	0	0	3	0	0	0	1	0
TMPRSS2	ENSG00000184012	ENST00000678348	protein_coding	0	1	0	3	0	0	0	0	3	0	0	0	1	0
TMPRSS2	ENSG00000184012	ENST00000678743	protein_coding	0	1	0	3	0	0	0	0	3	0	0	0	1	0
TMPRSS2	ENSG00000184012	ENST00000679016	protein_coding	0	1	0	3	0	0	0	0	3	0	0	0	1	0
TMPRSS2	ENSG00000184012	ENST00000679054	protein_coding	0	1	0	3	0	0	0	0	3	0	0	0	1	0
TMPRSS2	ENSG00000184012	ENST00000679263	protein_coding	0	1	0	3	0	0	0	0	3	0	0	0	1	0
TSC1	ENSG00000165699	ENST00000298552	protein_coding	0	1	0	0	0	0	0	0	0	0	0	0	1	0
TSC1	ENSG00000165699	ENST00000440111	protein_coding	0	1	0	0	0	0	0	0	0	0	0	0	1	0
TSC1	ENSG00000165699	ENST00000545250	protein_coding	0	1	0	0	0	0	0	0	0	0	0	0	1	0
TSC1	ENSG00000165699	ENST00000642617	protein_coding	0	1	0	0	0	0	0	0	0	0	0	0	1	0
TSC1	ENSG00000165699	ENST00000642627	protein_coding	0	1	0	0	0	0	0	0	0	0	0	0	1	0
TSC1	ENSG00000165699	ENST00000643072	protein_coding	0	1	0	0	0	0	0	0	0	0	0	0	1	0
TSC1	ENSG00000165699	ENST00000643583	protein_coding	0	1	0	0	0	0	0	0	0	0	0	0	1	0
TSC1	ENSG00000165699	ENST00000643875	protein_coding	0	1	0	0	0	0	0	0	0	0	0	0	1	0
TSC1	ENSG00000165699	ENST00000644097	protein_coding	0	1	0	0	0	0	0	0	0	0	0	0	1	0
TSC1	ENSG00000165699	ENST00000644184	protein_coding	0	1	0	0	0	0	0	0	0	0	0	0	1	0
TSC1	ENSG00000165699	ENST00000646625	protein_coding	0	1	0	0	0	0	0	0	0	0	0	0	1	0
WRN	ENSG00000165392	ENST00000298139	protein_coding	0	1	1	0	0	0	0	0	0	1	0	0	1	0
