# The following table is formatted as tab separated values. 
#GeneName	GeneId	TranscriptId	BioType	variants_impact_HIGH	variants_impact_LOW	variants_impact_MODERATE	variants_impact_MODIFIER	variants_effect_3_prime_UTR_variant	variants_effect_5_prime_UTR_premature_start_codon_gain_variant	variants_effect_5_prime_UTR_variant	variants_effect_disruptive_inframe_deletion	variants_effect_downstream_gene_variant	variants_effect_initiator_codon_variant	variants_effect_intron_variant	variants_effect_missense_variant	variants_effect_splice_region_variant	variants_effect_stop_gained	variants_effect_synonymous_variant	variants_effect_upstream_gene_variant
ALK	ENSG00000171094	ENST00000389048	protein_coding	0	0	0	3	0	0	0	0	0	0	3	0	0	0	0	0
ALK	ENSG00000171094	ENST00000453137	protein_coding	0	0	0	3	0	0	0	0	0	0	0	0	0	0	0	3
ALK	ENSG00000171094	ENST00000618119	protein_coding	0	0	0	3	0	0	0	0	0	0	3	0	0	0	0	0
ALK	ENSG00000171094	ENST00000642122	protein_coding	0	0	0	3	0	0	1	0	0	0	0	0	0	0	0	2
APC	ENSG00000134982	ENST00000507379	protein_coding	0	0	0	2	0	0	0	0	0	0	0	0	0	0	0	2
APC	ENSG00000134982	ENST00000509732	protein_coding	0	0	0	2	0	0	0	0	0	0	0	0	0	0	0	2
AR	ENSG00000169083	ENST00000374690	protein_coding	0	0	1	1	0	0	0	0	0	0	1	1	0	0	0	0
AR	ENSG00000169083	ENST00000396044	protein_coding	0	0	1	1	0	0	0	0	0	0	1	1	0	0	0	0
AR	ENSG00000169083	ENST00000504326	protein_coding	0	0	1	1	0	0	0	0	0	0	1	1	0	0	0	0
ARID1A	ENSG00000117713	ENST00000324856	protein_coding	0	0	1	1	0	0	0	1	0	0	1	0	0	0	0	0
ARID1A	ENSG00000117713	ENST00000374152	protein_coding	0	0	1	1	0	0	0	1	0	0	1	0	0	0	0	0
ARID1A	ENSG00000117713	ENST00000430799	protein_coding	0	0	1	1	0	0	0	1	0	0	1	0	0	0	0	0
ARID1A	ENSG00000117713	ENST00000457599	protein_coding	0	0	1	1	0	0	0	1	0	0	1	0	0	0	0	0
ARID1A	ENSG00000117713	ENST00000524572	protein_coding	0	0	1	1	0	0	0	1	0	0	1	0	0	0	0	0
ARID1A	ENSG00000117713	ENST00000636219	protein_coding	0	0	1	1	0	0	0	1	0	0	1	0	0	0	0	0
ARID1A	ENSG00000117713	ENST00000637465	protein_coding	0	0	1	1	0	0	0	1	0	0	1	0	0	0	0	0
ATM	ENSG00000149311	ENST00000452508	protein_coding	0	0	0	2	0	0	0	0	0	0	2	0	0	0	0	0
ATM	ENSG00000149311	ENST00000675843	protein_coding	0	0	0	2	0	0	0	0	0	0	2	0	0	0	0	0
ATR	ENSG00000175054	ENST00000350721	protein_coding	0	0	1	1	0	0	0	0	0	0	1	1	0	0	0	0
ATR	ENSG00000175054	ENST00000661310	protein_coding	0	0	1	1	0	0	0	0	0	0	1	1	0	0	0	0
ATRX	ENSG00000085224	ENST00000373344	protein_coding	0	0	1	2	0	0	1	0	0	0	1	1	0	0	0	0
ATRX	ENSG00000085224	ENST00000395603	protein_coding	0	0	1	2	0	0	1	0	0	0	1	1	0	0	0	0
ATRX	ENSG00000085224	ENST00000493470	protein_coding	0	0	0	2	0	0	0	0	0	0	0	0	0	0	0	2
ATRX	ENSG00000085224	ENST00000622960	protein_coding	0	0	0	1	0	0	1	0	0	0	0	0	0	0	0	0
ATRX	ENSG00000085224	ENST00000623321	protein_coding	0	0	0	3	0	0	1	0	1	0	1	0	0	0	0	0
ATRX	ENSG00000085224	ENST00000624032	protein_coding	0	0	0	3	0	0	1	0	1	0	1	0	0	0	0	0
ATRX	ENSG00000085224	ENST00000624166	protein_coding	0	0	1	2	0	0	1	0	0	0	1	1	0	0	0	0
ATRX	ENSG00000085224	ENST00000624668	protein_coding	0	0	0	3	0	0	1	0	2	0	0	0	0	0	0	0
ATRX	ENSG00000085224	ENST00000625063	protein_coding	0	0	0	2	0	0	0	0	1	0	1	0	0	0	0	0
AXIN2	ENSG00000168646	ENST00000307078	protein_coding	0	0	0	1	0	0	0	0	0	0	1	0	0	0	0	0
AXIN2	ENSG00000168646	ENST00000375702	protein_coding	0	0	0	1	0	0	0	0	0	0	1	0	0	0	0	0
AXIN2	ENSG00000168646	ENST00000618960	protein_coding	0	0	0	1	0	0	0	0	0	0	1	0	0	0	0	0
BARD1	ENSG00000138376	ENST00000260947	protein_coding	0	0	0	2	0	0	0	0	0	0	2	0	0	0	0	0
BARD1	ENSG00000138376	ENST00000421162	protein_coding	0	0	0	2	0	0	0	0	0	0	2	0	0	0	0	0
BARD1	ENSG00000138376	ENST00000613374	protein_coding	0	0	0	2	0	0	0	0	0	0	2	0	0	0	0	0
BARD1	ENSG00000138376	ENST00000613706	protein_coding	0	0	0	2	0	0	0	0	0	0	2	0	0	0	0	0
BARD1	ENSG00000138376	ENST00000617164	protein_coding	0	0	0	2	0	0	0	0	0	0	2	0	0	0	0	0
BARD1	ENSG00000138376	ENST00000619009	protein_coding	0	0	0	2	0	0	0	0	0	0	2	0	0	0	0	0
BARD1	ENSG00000138376	ENST00000620057	protein_coding	0	0	0	2	0	0	0	0	0	0	2	0	0	0	0	0
BIVM-ERCC5	ENSG00000270181	ENST00000639132	protein_coding	0	0	1	0	0	0	0	0	0	0	0	1	0	0	0	0
BIVM-ERCC5	ENSG00000270181	ENST00000639435	protein_coding	0	0	1	0	0	0	0	0	0	0	0	1	0	0	0	0
BLM	ENSG00000197299	ENST00000355112	protein_coding	0	0	0	1	0	0	0	0	0	0	1	0	0	0	0	0
BLM	ENSG00000197299	ENST00000560509	protein_coding	0	0	0	1	0	0	0	0	0	0	1	0	0	0	0	0
BLM	ENSG00000197299	ENST00000648453	protein_coding	0	0	0	1	0	0	0	0	0	0	1	0	0	0	0	0
BLM	ENSG00000197299	ENST00000680772	protein_coding	0	0	0	1	0	0	0	0	0	0	1	0	0	0	0	0
BLM	ENSG00000197299	ENST00000681142	protein_coding	0	0	0	1	0	0	0	0	0	0	1	0	0	0	0	0
BRCA1	ENSG00000012048	ENST00000352993	protein_coding	0	0	0	8	0	0	0	0	0	0	8	0	0	0	0	0
BRCA1	ENSG00000012048	ENST00000354071	protein_coding	0	0	2	2	0	0	0	0	0	0	2	2	0	0	0	0
BRCA1	ENSG00000012048	ENST00000357654	protein_coding	0	0	2	6	0	0	0	0	0	0	6	2	0	0	0	0
BRCA1	ENSG00000012048	ENST00000461574	protein_coding	0	0	0	4	0	0	0	0	0	0	1	0	0	0	0	3
BRCA1	ENSG00000012048	ENST00000468300	protein_coding	0	0	0	8	0	0	0	0	0	0	8	0	0	0	0	0
BRCA1	ENSG00000012048	ENST00000470026	protein_coding	0	0	1	3	0	0	0	0	1	0	2	1	0	0	0	0
BRCA1	ENSG00000012048	ENST00000471181	protein_coding	0	0	2	6	0	0	0	0	0	0	6	2	0	0	0	0
BRCA1	ENSG00000012048	ENST00000473961	protein_coding	0	0	1	3	0	0	0	0	1	0	2	1	0	0	0	0
BRCA1	ENSG00000012048	ENST00000476777	protein_coding	0	0	0	4	0	0	0	0	2	0	2	0	0	0	0	0
BRCA1	ENSG00000012048	ENST00000477152	protein_coding	0	0	1	3	0	0	0	0	1	0	2	1	0	0	0	0
BRCA1	ENSG00000012048	ENST00000478531	protein_coding	0	0	0	7	0	0	0	0	0	0	7	0	0	0	0	0
BRCA1	ENSG00000012048	ENST00000484087	protein_coding	0	0	0	7	0	0	0	0	0	0	7	0	0	0	0	0
BRCA1	ENSG00000012048	ENST00000487825	protein_coding	0	0	0	5	0	0	0	0	0	0	5	0	0	0	0	0
BRCA1	ENSG00000012048	ENST00000491747	protein_coding	0	0	0	8	0	0	0	0	0	0	8	0	0	0	0	0
BRCA1	ENSG00000012048	ENST00000493795	protein_coding	0	0	2	6	0	0	0	0	0	0	6	2	0	0	0	0
BRCA1	ENSG00000012048	ENST00000493919	protein_coding	0	0	0	7	0	0	0	0	0	0	7	0	0	0	0	0
BRCA1	ENSG00000012048	ENST00000494123	protein_coding	0	0	1	3	0	0	0	0	1	0	2	1	0	0	0	0
BRCA1	ENSG00000012048	ENST00000497488	protein_coding	0	0	1	3	0	0	0	0	1	0	2	1	0	0	0	0
BRCA1	ENSG00000012048	ENST00000586385	protein_coding	0	0	0	8	0	0	0	0	0	0	8	0	0	0	0	0
BRCA1	ENSG00000012048	ENST00000591534	protein_coding	0	0	0	8	0	0	0	0	0	0	8	0	0	0	0	0
BRCA1	ENSG00000012048	ENST00000591849	protein_coding	0	0	0	8	0	0	0	0	0	0	8	0	0	0	0	0
BRCA1	ENSG00000012048	ENST00000634433	protein_coding	0	0	2	2	0	0	0	0	0	0	2	2	0	0	0	0
BRCA1	ENSG00000012048	ENST00000644379	protein_coding	0	0	0	7	0	0	0	0	0	0	4	0	0	0	0	3
BRCA1	ENSG00000012048	ENST00000652672	protein_coding	0	0	1	3	0	0	0	0	1	0	2	1	0	0	0	0
BRCA2	ENSG00000139618	ENST00000380152	protein_coding	0	0	1	0	0	0	0	0	0	0	0	1	0	0	0	0
BRCA2	ENSG00000139618	ENST00000544455	protein_coding	0	0	1	0	0	0	0	0	0	0	0	1	0	0	0	0
BRCA2	ENSG00000139618	ENST00000680887	protein_coding	0	0	1	0	0	0	0	0	0	0	0	1	0	0	0	0
C11orf65	ENSG00000166323	ENST00000525729	protein_coding	0	0	0	2	0	0	0	0	0	0	2	0	0	0	0	0
CCND1	ENSG00000110092	ENST00000227507	protein_coding	0	1	0	0	0	0	0	0	0	0	1	0	1	0	0	0
CCND1	ENSG00000110092	ENST00000536559	protein_coding	0	0	0	1	0	0	0	0	1	0	0	0	0	0	0	0
CCNE1	ENSG00000105173	ENST00000262643	protein_coding	0	1	0	1	0	0	0	0	0	0	1	0	0	0	1	0
CCNE1	ENSG00000105173	ENST00000357943	protein_coding	0	1	0	1	0	0	0	0	0	0	1	0	0	0	1	0
CCNE1	ENSG00000105173	ENST00000444983	protein_coding	0	1	0	1	0	0	0	0	0	0	1	0	0	0	1	0
CCNE1	ENSG00000105173	ENST00000575243	protein_coding	0	0	0	2	0	0	0	0	2	0	0	0	0	0	0	0
CCNE1	ENSG00000105173	ENST00000576532	protein_coding	0	1	0	1	0	0	0	0	0	0	1	0	0	0	1	0
CDK6	ENSG00000105810	ENST00000265734	protein_coding	0	1	0	0	0	0	0	0	0	0	0	0	0	0	1	0
CDK6	ENSG00000105810	ENST00000424848	protein_coding	0	1	0	0	0	0	0	0	0	0	0	0	0	0	1	0
CDKN1B	ENSG00000111276	ENST00000228872	protein_coding	0	0	1	0	0	0	0	0	0	0	0	1	0	0	0	0
CDKN1B	ENSG00000111276	ENST00000396340	protein_coding	0	0	1	0	0	0	0	0	0	0	0	1	0	0	0	0
CDKN1B	ENSG00000111276	ENST00000442489	protein_coding	0	0	0	1	0	0	0	0	0	0	1	0	0	0	0	0
CDKN1B	ENSG00000111276	ENST00000614874	protein_coding	0	0	1	0	0	0	0	0	0	0	0	1	0	0	0	0
CHEK1	ENSG00000149554	ENST00000278916	protein_coding	0	0	0	1	0	0	0	0	0	0	1	0	0	0	0	0
CHEK1	ENSG00000149554	ENST00000427383	protein_coding	0	0	0	1	0	0	0	0	0	0	1	0	0	0	0	0
CHEK1	ENSG00000149554	ENST00000428830	protein_coding	0	0	0	1	0	0	0	0	0	0	1	0	0	0	0	0
CHEK1	ENSG00000149554	ENST00000438015	protein_coding	0	0	0	1	0	0	0	0	0	0	1	0	0	0	0	0
CHEK1	ENSG00000149554	ENST00000532449	protein_coding	0	0	0	1	0	0	0	0	0	0	1	0	0	0	0	0
CHEK1	ENSG00000149554	ENST00000534070	protein_coding	0	0	0	1	0	0	0	0	0	0	1	0	0	0	0	0
CHEK1	ENSG00000149554	ENST00000544373	protein_coding	0	0	0	1	0	0	0	0	0	0	1	0	0	0	0	0
CSF1R	ENSG00000182578	ENST00000286301	protein_coding	0	0	0	1	0	0	0	0	0	0	0	0	0	0	0	1
CSF1R	ENSG00000182578	ENST00000511344	protein_coding	0	0	0	1	0	0	0	0	0	0	0	0	0	0	0	1
CYP17A1	ENSG00000148795	ENST00000369887	protein_coding	0	1	0	0	0	0	0	0	0	0	0	0	0	0	1	0
CYP17A1	ENSG00000148795	ENST00000638190	protein_coding	0	1	0	0	0	0	0	0	0	0	0	0	0	0	1	0
CYP17A1	ENSG00000148795	ENST00000638272	protein_coding	0	1	0	0	0	0	0	0	0	0	0	0	0	0	1	0
CYP17A1	ENSG00000148795	ENST00000638971	protein_coding	0	1	0	0	0	0	0	0	0	0	0	0	0	0	1	0
CYP17A1	ENSG00000148795	ENST00000639393	protein_coding	0	1	0	0	0	0	0	0	0	0	0	0	0	0	1	0
DIS3L2	ENSG00000144535	ENST00000273009	protein_coding	0	0	0	1	0	0	0	0	0	0	1	0	0	0	0	0
DIS3L2	ENSG00000144535	ENST00000325385	protein_coding	0	0	0	1	0	0	0	0	0	0	1	0	0	0	0	0
DPYD	ENSG00000188641	ENST00000370192	protein_coding	0	1	0	0	0	0	0	0	0	0	0	0	0	0	1	0
EGFR	ENSG00000146648	ENST00000275493	protein_coding	0	1	0	0	0	0	0	0	0	0	0	0	0	0	1	0
EGFR	ENSG00000146648	ENST00000342916	protein_coding	0	1	0	0	0	0	0	0	0	0	0	0	0	0	1	0
EGFR	ENSG00000146648	ENST00000344576	protein_coding	0	1	0	0	0	0	0	0	0	0	0	0	0	0	1	0
EGFR	ENSG00000146648	ENST00000420316	protein_coding	0	1	0	0	0	0	0	0	0	0	0	0	0	0	1	0
EGFR	ENSG00000146648	ENST00000450046	protein_coding	0	1	0	0	0	0	0	0	0	0	0	0	0	0	1	0
EGFR	ENSG00000146648	ENST00000454757	protein_coding	0	0	0	1	0	0	0	0	0	0	1	0	0	0	0	0
EGFR	ENSG00000146648	ENST00000455089	protein_coding	0	0	0	1	0	0	0	0	0	0	1	0	0	0	0	0
ENSG00000282218	ENSG00000282218	ENST00000467125	protein_coding	0	0	0	2	0	0	0	0	0	0	2	0	0	0	0	0
ENSG00000282278	ENSG00000282278	ENST00000507166	protein_coding	0	0	0	2	0	0	0	0	0	0	2	0	0	0	0	0
ERBB2	ENSG00000141736	ENST00000269571	protein_coding	0	0	0	1	0	0	0	0	0	0	0	0	0	0	0	1
ERBB2	ENSG00000141736	ENST00000406381	protein_coding	0	0	0	1	0	0	0	0	0	0	1	0	0	0	0	0
ERBB2	ENSG00000141736	ENST00000445658	protein_coding	0	0	0	1	0	0	0	0	0	0	0	0	0	0	0	1
ERBB2	ENSG00000141736	ENST00000541774	protein_coding	0	0	0	1	0	0	0	0	0	0	0	0	0	0	0	1
ERBB2	ENSG00000141736	ENST00000578199	protein_coding	0	0	0	1	0	0	0	0	0	0	1	0	0	0	0	0
ERBB2	ENSG00000141736	ENST00000578709	protein_coding	0	0	0	1	0	0	0	0	0	0	0	0	0	0	0	1
ERBB2	ENSG00000141736	ENST00000584450	protein_coding	0	0	0	1	0	0	0	0	0	0	0	0	0	0	0	1
ERBB2	ENSG00000141736	ENST00000584601	protein_coding	0	0	0	1	0	0	0	0	0	0	1	0	0	0	0	0
ERCC5	ENSG00000134899	ENST00000652225	protein_coding	0	0	1	0	0	0	0	0	0	0	0	1	0	0	0	0
ERCC5	ENSG00000134899	ENST00000652613	protein_coding	0	0	1	0	0	0	0	0	0	0	0	1	0	0	0	0
ERG	ENSG00000157554	ENST00000288319	protein_coding	0	0	0	1	0	0	0	0	0	0	1	0	0	0	0	0
ERG	ENSG00000157554	ENST00000398897	protein_coding	0	0	0	1	0	0	0	0	0	0	1	0	0	0	0	0
ERG	ENSG00000157554	ENST00000398905	protein_coding	0	0	0	1	0	0	0	0	0	0	1	0	0	0	0	0
ERG	ENSG00000157554	ENST00000398907	protein_coding	0	0	0	1	0	0	0	0	0	0	1	0	0	0	0	0
ERG	ENSG00000157554	ENST00000398910	protein_coding	0	0	0	1	0	0	0	0	0	0	1	0	0	0	0	0
ERG	ENSG00000157554	ENST00000398911	protein_coding	0	0	0	1	0	0	0	0	0	0	1	0	0	0	0	0
ERG	ENSG00000157554	ENST00000398919	protein_coding	0	0	0	1	0	0	0	0	0	0	1	0	0	0	0	0
ERG	ENSG00000157554	ENST00000417133	protein_coding	0	0	0	1	0	0	0	0	0	0	1	0	0	0	0	0
ERG	ENSG00000157554	ENST00000442448	protein_coding	0	0	0	1	0	0	0	0	0	0	1	0	0	0	0	0
ERG	ENSG00000157554	ENST00000453032	protein_coding	0	0	0	1	0	0	0	0	0	0	1	0	0	0	0	0
ESR1	ENSG00000091831	ENST00000206249	protein_coding	0	2	0	6	0	0	0	0	0	0	4	0	0	0	2	2
ESR1	ENSG00000091831	ENST00000338799	protein_coding	0	2	0	6	0	0	0	0	0	0	4	0	0	0	2	2
ESR1	ENSG00000091831	ENST00000404742	protein_coding	0	1	0	10	0	0	0	0	0	0	10	0	0	0	1	0
ESR1	ENSG00000091831	ENST00000406599	protein_coding	0	2	0	6	0	0	0	0	0	0	4	0	0	0	2	2
ESR1	ENSG00000091831	ENST00000415488	protein_coding	0	0	0	4	0	0	0	0	0	0	4	0	0	0	0	0
ESR1	ENSG00000091831	ENST00000427531	protein_coding	0	0	0	8	1	0	0	0	0	0	5	0	0	0	0	2
ESR1	ENSG00000091831	ENST00000440973	protein_coding	0	2	0	14	0	0	0	0	0	0	14	0	0	0	2	0
ESR1	ENSG00000091831	ENST00000443427	protein_coding	0	2	0	6	0	0	0	0	0	0	4	0	0	0	2	2
ESR1	ENSG00000091831	ENST00000446550	protein_coding	0	1	0	2	0	0	0	0	0	0	0	0	0	0	1	2
ESR1	ENSG00000091831	ENST00000456483	protein_coding	0	1	0	7	1	0	0	0	0	0	4	0	0	0	1	2
ETV6	ENSG00000139083	ENST00000266427	protein_coding	0	0	0	4	0	0	0	0	0	0	0	0	0	0	0	4
ETV6	ENSG00000139083	ENST00000396373	protein_coding	0	1	0	15	0	0	0	0	0	0	15	0	0	0	1	0
ETV6	ENSG00000139083	ENST00000545027	protein_coding	0	1	0	0	0	0	0	0	0	0	0	0	0	0	1	0
EZR	ENSG00000092820	ENST00000337147	protein_coding	0	0	0	1	0	0	0	0	0	0	1	0	0	0	0	0
EZR	ENSG00000092820	ENST00000367075	protein_coding	0	0	0	1	0	0	0	0	0	0	1	0	0	0	0	0
FANCA	ENSG00000187741	ENST00000389301	protein_coding	0	0	0	2	0	0	0	0	0	0	2	0	0	0	0	0
FANCA	ENSG00000187741	ENST00000561722	protein_coding	0	0	0	1	0	0	0	0	0	0	1	0	0	0	0	0
FANCA	ENSG00000187741	ENST00000564475	protein_coding	0	0	0	1	0	0	0	0	0	0	1	0	0	0	0	0
FANCA	ENSG00000187741	ENST00000564870	protein_coding	0	0	0	1	0	0	0	0	0	0	1	0	0	0	0	0
FANCA	ENSG00000187741	ENST00000567879	protein_coding	0	0	0	2	0	0	0	0	0	0	1	0	0	0	0	1
FANCA	ENSG00000187741	ENST00000568369	protein_coding	0	0	0	2	0	0	0	0	0	0	2	0	0	0	0	0
FANCD2	ENSG00000144554	ENST00000287647	protein_coding	0	0	0	1	0	0	0	0	0	0	1	0	0	0	0	0
FANCD2	ENSG00000144554	ENST00000419585	protein_coding	0	0	0	1	0	0	0	0	0	0	1	0	0	0	0	0
FANCD2	ENSG00000144554	ENST00000431693	protein_coding	0	0	0	1	0	0	0	0	0	0	1	0	0	0	0	0
FANCD2	ENSG00000144554	ENST00000625535	protein_coding	0	0	0	1	0	0	0	0	1	0	0	0	0	0	0	0
FANCD2	ENSG00000144554	ENST00000675286	protein_coding	0	0	0	1	0	0	0	0	0	0	1	0	0	0	0	0
FANCD2	ENSG00000144554	ENST00000676013	protein_coding	0	0	0	1	0	0	0	0	0	0	1	0	0	0	0	0
FANCG	ENSG00000221829	ENST00000378643	protein_coding	0	1	0	0	0	0	0	0	0	0	1	0	1	0	0	0
FANCG	ENSG00000221829	ENST00000448890	protein_coding	0	0	0	1	0	0	0	0	1	0	0	0	0	0	0	0
FANCL	ENSG00000115392	ENST00000233741	protein_coding	0	0	0	1	0	0	0	0	0	0	1	0	0	0	0	0
FANCL	ENSG00000115392	ENST00000402135	protein_coding	0	0	0	1	0	0	0	0	0	0	1	0	0	0	0	0
FANCL	ENSG00000115392	ENST00000403295	protein_coding	0	0	0	1	0	0	0	0	0	0	1	0	0	0	0	0
FANCL	ENSG00000115392	ENST00000403676	protein_coding	0	0	0	1	0	0	0	0	0	0	1	0	0	0	0	0
FANCL	ENSG00000115392	ENST00000417361	protein_coding	0	0	0	1	0	0	0	0	0	0	1	0	0	0	0	0
FANCL	ENSG00000115392	ENST00000427708	protein_coding	0	0	0	1	0	0	0	0	0	0	1	0	0	0	0	0
FANCL	ENSG00000115392	ENST00000446381	protein_coding	0	0	0	1	0	0	0	0	0	0	1	0	0	0	0	0
FANCL	ENSG00000115392	ENST00000449070	protein_coding	0	0	0	1	0	0	0	0	0	0	1	0	0	0	0	0
FANCL	ENSG00000115392	ENST00000481670	protein_coding	0	0	0	1	0	0	0	0	0	0	1	0	0	0	0	0
FANCM	ENSG00000187790	ENST00000267430	protein_coding	0	0	1	0	0	0	0	0	0	0	0	1	0	0	0	0
FANCM	ENSG00000187790	ENST00000542564	protein_coding	0	0	1	0	0	0	0	0	0	0	0	1	0	0	0	0
FANCM	ENSG00000187790	ENST00000554809	protein_coding	0	0	1	0	0	0	0	0	0	0	0	1	0	0	0	0
FANCM	ENSG00000187790	ENST00000556250	protein_coding	0	0	1	0	0	0	0	0	0	0	0	1	0	0	0	0
FBXO11	ENSG00000138081	ENST00000402508	protein_coding	0	0	0	1	0	0	0	0	1	0	0	0	0	0	0	0
FBXO11	ENSG00000138081	ENST00000403359	protein_coding	0	0	0	1	0	0	0	0	1	0	0	0	0	0	0	0
FBXO11	ENSG00000138081	ENST00000405808	protein_coding	0	0	0	2	0	0	0	0	0	0	2	0	0	0	0	0
FBXO11	ENSG00000138081	ENST00000683894	protein_coding	0	0	0	1	0	0	0	0	1	0	0	0	0	0	0	0
FGFR1	ENSG00000077782	ENST00000326324	protein_coding	0	1	0	8	0	0	0	0	0	0	9	0	1	0	0	0
FGFR1	ENSG00000077782	ENST00000335922	protein_coding	0	1	0	8	0	0	0	0	0	0	9	0	1	0	0	0
FGFR1	ENSG00000077782	ENST00000341462	protein_coding	0	1	0	8	0	0	0	0	0	0	9	0	1	0	0	0
FGFR1	ENSG00000077782	ENST00000356207	protein_coding	0	1	0	8	0	0	0	0	0	0	9	0	1	0	0	0
FGFR1	ENSG00000077782	ENST00000397091	protein_coding	0	1	0	8	0	0	0	0	0	0	9	0	1	0	0	0
FGFR1	ENSG00000077782	ENST00000397103	protein_coding	0	1	0	5	0	0	0	0	0	0	2	0	1	0	0	4
FGFR1	ENSG00000077782	ENST00000397108	protein_coding	0	1	0	8	0	0	0	0	0	0	9	0	1	0	0	0
FGFR1	ENSG00000077782	ENST00000397113	protein_coding	0	1	0	8	0	0	0	0	0	0	9	0	1	0	0	0
FGFR1	ENSG00000077782	ENST00000413133	protein_coding	0	0	0	8	0	0	0	0	1	0	7	0	0	0	0	0
FGFR1	ENSG00000077782	ENST00000425967	protein_coding	0	1	0	8	0	0	0	0	0	0	9	0	1	0	0	0
FGFR1	ENSG00000077782	ENST00000434187	protein_coding	0	0	0	8	0	0	0	0	1	0	5	0	0	0	0	2
FGFR1	ENSG00000077782	ENST00000440174	protein_coding	0	0	0	7	0	0	0	0	0	0	4	0	0	0	0	3
FGFR1	ENSG00000077782	ENST00000447712	protein_coding	0	1	0	8	0	0	0	0	0	0	9	0	1	0	0	0
FGFR1	ENSG00000077782	ENST00000525001	protein_coding	0	0	0	8	0	0	0	0	0	0	8	0	0	0	0	0
FGFR1	ENSG00000077782	ENST00000526742	protein_coding	0	0	0	8	0	0	0	0	0	0	8	0	0	0	0	0
FGFR1	ENSG00000077782	ENST00000529552	protein_coding	0	0	0	8	0	0	0	0	0	0	8	0	0	0	0	0
FGFR1	ENSG00000077782	ENST00000530568	protein_coding	0	0	0	8	0	0	0	0	1	0	5	0	0	0	0	2
FGFR1	ENSG00000077782	ENST00000532791	protein_coding	0	1	0	8	0	0	0	0	0	0	9	0	1	0	0	0
FGFR1	ENSG00000077782	ENST00000533668	protein_coding	0	0	0	8	0	0	0	0	0	0	8	0	0	0	0	0
FGFR1	ENSG00000077782	ENST00000683765	protein_coding	0	1	0	8	0	0	0	0	0	0	9	0	1	0	0	0
FGFR1	ENSG00000077782	ENST00000683815	protein_coding	0	1	0	8	0	0	0	0	0	0	9	0	1	0	0	0
FGFR1	ENSG00000077782	ENST00000684654	protein_coding	0	1	0	8	0	0	0	0	0	0	9	0	1	0	0	0
FGFR2	ENSG00000066468	ENST00000336553	protein_coding	0	0	0	2	0	0	0	0	2	0	0	0	0	0	0	0
FGFR2	ENSG00000066468	ENST00000346997	protein_coding	0	0	0	2	0	0	0	0	1	0	1	0	0	0	0	0
FGFR2	ENSG00000066468	ENST00000351936	protein_coding	0	0	0	2	1	0	0	0	0	0	1	0	0	0	0	0
FGFR2	ENSG00000066468	ENST00000356226	protein_coding	0	0	0	2	1	0	0	0	0	0	1	0	0	0	0	0
FGFR2	ENSG00000066468	ENST00000357555	protein_coding	0	1	0	1	0	0	0	0	0	0	1	0	0	0	1	0
FGFR2	ENSG00000066468	ENST00000358487	protein_coding	0	0	0	2	1	0	0	0	0	0	1	0	0	0	0	0
FGFR2	ENSG00000066468	ENST00000360144	protein_coding	0	0	0	2	0	0	0	0	1	0	1	0	0	0	0	0
FGFR2	ENSG00000066468	ENST00000369056	protein_coding	0	0	0	2	0	0	0	0	1	0	1	0	0	0	0	0
FGFR2	ENSG00000066468	ENST00000369058	protein_coding	0	0	0	2	0	0	0	0	2	0	0	0	0	0	0	0
FGFR2	ENSG00000066468	ENST00000369059	protein_coding	0	0	0	2	0	0	0	0	1	0	1	0	0	0	0	0
FGFR2	ENSG00000066468	ENST00000369060	protein_coding	0	0	0	2	1	0	0	0	0	0	1	0	0	0	0	0
FGFR2	ENSG00000066468	ENST00000369061	protein_coding	0	0	0	2	1	0	0	0	0	0	1	0	0	0	0	0
FGFR2	ENSG00000066468	ENST00000429361	protein_coding	0	0	0	2	0	0	0	0	1	0	1	0	0	0	0	0
FGFR2	ENSG00000066468	ENST00000457416	protein_coding	0	0	0	2	0	0	0	0	1	0	1	0	0	0	0	0
FGFR2	ENSG00000066468	ENST00000478859	protein_coding	0	0	0	2	1	0	0	0	0	0	1	0	0	0	0	0
FGFR2	ENSG00000066468	ENST00000613048	protein_coding	0	0	0	2	1	0	0	0	0	0	1	0	0	0	0	0
FGFR2	ENSG00000066468	ENST00000638709	protein_coding	0	0	0	2	1	0	0	0	0	0	1	0	0	0	0	0
FGFR2	ENSG00000066468	ENST00000682550	protein_coding	0	0	0	2	1	0	0	0	0	0	1	0	0	0	0	0
FGFR2	ENSG00000066468	ENST00000682772	protein_coding	0	0	0	2	1	0	0	0	0	0	1	0	0	0	0	0
FGFR2	ENSG00000066468	ENST00000683211	protein_coding	0	0	0	2	1	0	0	0	0	0	1	0	0	0	0	0
FGFR2	ENSG00000066468	ENST00000684153	protein_coding	0	0	0	2	1	0	0	0	0	0	1	0	0	0	0	0
FUS	ENSG00000089280	ENST00000254108	protein_coding	0	0	1	0	0	0	0	1	0	0	0	0	0	0	0	0
FUS	ENSG00000089280	ENST00000380244	protein_coding	0	0	1	0	0	0	0	1	0	0	0	0	0	0	0	0
FUS	ENSG00000089280	ENST00000568685	protein_coding	0	0	1	0	0	0	0	1	0	0	0	0	0	0	0	0
GNA11	ENSG00000088256	ENST00000078429	protein_coding	0	0	0	1	0	0	0	0	0	0	1	0	0	0	0	0
GNA11	ENSG00000088256	ENST00000587636	protein_coding	0	0	0	1	0	0	0	0	0	0	0	0	0	0	0	1
GNA11	ENSG00000088256	ENST00000588401	protein_coding	0	0	0	1	0	0	0	0	0	0	0	0	0	0	0	1
GNAS	ENSG00000087460	ENST00000265620	protein_coding	0	0	0	1	0	0	1	0	0	0	0	0	0	0	0	0
GNAS	ENSG00000087460	ENST00000306090	protein_coding	0	0	0	1	0	0	0	0	0	0	1	0	0	0	0	0
GNAS	ENSG00000087460	ENST00000313949	protein_coding	0	0	0	1	0	0	0	0	0	0	1	0	0	0	0	0
GNAS	ENSG00000087460	ENST00000338783	protein_coding	0	0	0	1	0	0	0	0	0	0	0	0	0	0	0	1
GNAS	ENSG00000087460	ENST00000349036	protein_coding	0	0	0	1	0	0	0	0	0	0	1	0	0	0	0	0
GNAS	ENSG00000087460	ENST00000354359	protein_coding	0	0	0	1	0	0	1	0	0	0	0	0	0	0	0	0
GNAS	ENSG00000087460	ENST00000371075	protein_coding	0	0	0	1	0	0	0	0	0	0	1	0	0	0	0	0
GNAS	ENSG00000087460	ENST00000371081	protein_coding	0	0	0	2	0	0	1	0	0	0	0	0	0	0	0	1
GNAS	ENSG00000087460	ENST00000371085	protein_coding	0	0	0	1	0	0	1	0	0	0	0	0	0	0	0	0
GNAS	ENSG00000087460	ENST00000371095	protein_coding	0	0	0	1	0	0	1	0	0	0	0	0	0	0	0	0
GNAS	ENSG00000087460	ENST00000371098	protein_coding	0	0	0	1	0	0	0	0	0	0	1	0	0	0	0	0
GNAS	ENSG00000087460	ENST00000371100	protein_coding	0	0	0	1	0	0	0	0	0	0	1	0	0	0	0	0
GNAS	ENSG00000087460	ENST00000371102	protein_coding	0	0	0	1	0	0	0	0	0	0	1	0	0	0	0	0
GNAS	ENSG00000087460	ENST00000419558	protein_coding	0	0	0	1	0	0	0	0	0	0	1	0	0	0	0	0
GNAS	ENSG00000087460	ENST00000423897	protein_coding	0	0	0	1	0	0	0	0	0	0	1	0	0	0	0	0
GNAS	ENSG00000087460	ENST00000453292	protein_coding	0	0	0	1	0	0	0	0	0	0	1	0	0	0	0	0
GNAS	ENSG00000087460	ENST00000461152	protein_coding	0	0	0	1	0	0	0	0	0	0	1	0	0	0	0	0
GNAS	ENSG00000087460	ENST00000462499	protein_coding	0	0	0	1	0	0	0	0	0	0	1	0	0	0	0	0
GNAS	ENSG00000087460	ENST00000464788	protein_coding	0	0	0	1	0	0	0	0	0	0	1	0	0	0	0	0
GNAS	ENSG00000087460	ENST00000464960	protein_coding	0	0	0	1	0	0	0	0	0	0	1	0	0	0	0	0
GNAS	ENSG00000087460	ENST00000467227	protein_coding	0	0	0	1	0	0	0	0	0	0	1	0	0	0	0	0
GNAS	ENSG00000087460	ENST00000467321	protein_coding	0	0	0	1	0	0	0	0	0	0	1	0	0	0	0	0
GNAS	ENSG00000087460	ENST00000468895	protein_coding	0	0	0	1	0	0	1	0	0	0	0	0	0	0	0	0
GNAS	ENSG00000087460	ENST00000469431	protein_coding	0	0	0	1	0	0	0	0	0	0	1	0	0	0	0	0
GNAS	ENSG00000087460	ENST00000470512	protein_coding	0	0	0	1	0	0	0	0	0	0	1	0	0	0	0	0
GNAS	ENSG00000087460	ENST00000472183	protein_coding	0	0	0	1	0	0	0	0	0	0	1	0	0	0	0	0
GNAS	ENSG00000087460	ENST00000476935	protein_coding	0	0	0	1	0	0	0	0	0	0	0	0	0	0	0	1
GNAS	ENSG00000087460	ENST00000477931	protein_coding	0	0	0	1	0	0	0	0	0	0	1	0	0	0	0	0
GNAS	ENSG00000087460	ENST00000478585	protein_coding	0	0	0	1	0	0	0	0	0	0	1	0	0	0	0	0
GNAS	ENSG00000087460	ENST00000480232	protein_coding	0	0	0	1	0	0	0	0	0	0	1	0	0	0	0	0
GNAS	ENSG00000087460	ENST00000480975	protein_coding	0	0	0	1	0	0	0	0	0	0	1	0	0	0	0	0
GNAS	ENSG00000087460	ENST00000481039	protein_coding	0	0	0	1	0	0	0	0	0	0	1	0	0	0	0	0
GNAS	ENSG00000087460	ENST00000482112	protein_coding	0	0	0	1	0	0	0	0	0	0	1	0	0	0	0	0
GNAS	ENSG00000087460	ENST00000484504	protein_coding	0	0	0	1	0	0	0	0	0	0	1	0	0	0	0	0
GNAS	ENSG00000087460	ENST00000485673	protein_coding	0	0	0	1	0	0	0	0	0	0	1	0	0	0	0	0
GNAS	ENSG00000087460	ENST00000488546	protein_coding	0	0	0	1	0	0	0	0	0	0	1	0	0	0	0	0
GNAS	ENSG00000087460	ENST00000488652	protein_coding	0	0	0	1	0	0	0	0	0	0	0	0	0	0	0	1
GNAS	ENSG00000087460	ENST00000491348	protein_coding	0	0	0	1	0	0	0	0	0	0	1	0	0	0	0	0
GNAS	ENSG00000087460	ENST00000492907	protein_coding	0	0	0	1	0	0	0	0	0	0	0	0	0	0	0	1
GNAS	ENSG00000087460	ENST00000493744	protein_coding	0	0	0	1	0	0	0	0	0	0	1	0	0	0	0	0
GNAS	ENSG00000087460	ENST00000603546	protein_coding	0	0	0	1	0	0	0	0	0	0	0	0	0	0	0	1
GNAS	ENSG00000087460	ENST00000604005	protein_coding	0	0	0	1	0	0	0	0	0	0	1	0	0	0	0	0
GNAS	ENSG00000087460	ENST00000657090	protein_coding	0	0	0	1	0	0	0	0	0	0	1	0	0	0	0	0
GNAS	ENSG00000087460	ENST00000663479	protein_coding	0	0	0	1	0	0	0	0	0	0	1	0	0	0	0	0
GNAS	ENSG00000087460	ENST00000667293	protein_coding	0	0	0	1	0	0	0	0	0	0	1	0	0	0	0	0
GNAS	ENSG00000087460	ENST00000676826	protein_coding	0	0	0	1	0	0	0	0	0	0	1	0	0	0	0	0
GNAS	ENSG00000087460	ENST00000682803	protein_coding	0	0	0	1	0	0	0	0	0	0	0	0	0	0	0	1
GNAS	ENSG00000087460	ENST00000683015	protein_coding	0	0	0	1	0	0	0	0	0	0	1	0	0	0	0	0
GPSM3	ENSG00000213654	ENST00000375043	protein_coding	0	0	0	1	0	0	0	0	0	0	0	0	0	0	0	1
HPDL	ENSG00000186603	ENST00000334815	protein_coding	0	0	0	1	0	0	0	0	1	0	0	0	0	0	0	0
HRAS	ENSG00000174775	ENST00000311189	protein_coding	0	0	0	1	0	0	0	0	0	0	1	0	0	0	0	0
HRAS	ENSG00000174775	ENST00000397594	protein_coding	0	0	0	1	0	0	0	0	0	0	0	0	0	0	0	1
HRAS	ENSG00000174775	ENST00000397596	protein_coding	0	0	0	1	0	0	0	0	0	0	1	0	0	0	0	0
HRAS	ENSG00000174775	ENST00000417302	protein_coding	0	0	0	1	0	0	0	0	0	0	1	0	0	0	0	0
HRAS	ENSG00000174775	ENST00000451590	protein_coding	0	0	0	1	0	0	0	0	0	0	1	0	0	0	0	0
HRAS	ENSG00000174775	ENST00000468682	protein_coding	0	0	0	1	0	0	0	0	0	0	1	0	0	0	0	0
KDR	ENSG00000128052	ENST00000263923	protein_coding	0	0	0	4	0	0	0	0	0	0	4	0	0	0	0	0
KIT	ENSG00000157404	ENST00000288135	protein_coding	0	0	0	1	0	0	0	0	0	0	1	0	0	0	0	0
KIT	ENSG00000157404	ENST00000412167	protein_coding	0	0	0	1	0	0	0	0	0	0	1	0	0	0	0	0
KIT	ENSG00000157404	ENST00000686011	protein_coding	0	0	0	1	0	0	0	0	0	0	1	0	0	0	0	0
KIT	ENSG00000157404	ENST00000687109	protein_coding	0	0	0	1	0	0	0	0	0	0	1	0	0	0	0	0
KIT	ENSG00000157404	ENST00000687246	protein_coding	0	0	0	1	0	0	0	0	0	0	1	0	0	0	0	0
KIT	ENSG00000157404	ENST00000687295	protein_coding	0	0	0	1	0	0	0	0	0	0	1	0	0	0	0	0
KIT	ENSG00000157404	ENST00000689832	protein_coding	0	0	0	1	0	0	0	0	0	0	1	0	0	0	0	0
KIT	ENSG00000157404	ENST00000689994	protein_coding	0	0	0	1	0	0	0	0	0	0	1	0	0	0	0	0
KIT	ENSG00000157404	ENST00000690543	protein_coding	0	0	0	1	0	0	0	0	0	0	1	0	0	0	0	0
KIT	ENSG00000157404	ENST00000692783	protein_coding	0	0	0	1	0	0	0	0	0	0	1	0	0	0	0	0
LETM2	ENSG00000165046	ENST00000379957	protein_coding	0	0	0	1	0	0	0	0	1	0	0	0	0	0	0	0
LRBA	ENSG00000198589	ENST00000357115	protein_coding	0	0	0	1	0	0	0	0	0	0	1	0	0	0	0	0
LRBA	ENSG00000198589	ENST00000507224	protein_coding	0	0	0	1	0	0	0	0	0	0	1	0	0	0	0	0
LRBA	ENSG00000198589	ENST00000510413	protein_coding	0	0	0	1	0	0	0	0	0	0	1	0	0	0	0	0
LRBA	ENSG00000198589	ENST00000651943	protein_coding	0	0	0	1	0	0	0	0	0	0	1	0	0	0	0	0
LRRC56	ENSG00000161328	ENST00000270115	protein_coding	0	0	0	1	0	0	0	0	0	0	0	0	0	0	0	1
LTO1	ENSG00000149716	ENST00000538554	protein_coding	0	0	0	1	0	0	0	0	1	0	0	0	0	0	0	0
MAP2K1	ENSG00000169032	ENST00000307102	protein_coding	0	0	0	1	0	0	0	0	0	0	1	0	0	0	0	0
MAP2K1	ENSG00000169032	ENST00000685172	protein_coding	0	0	0	1	0	0	0	0	0	0	1	0	0	0	0	0
MAP2K1	ENSG00000169032	ENST00000685763	protein_coding	0	0	0	1	0	0	0	0	0	0	1	0	0	0	0	0
MAP2K1	ENSG00000169032	ENST00000686347	protein_coding	0	0	0	1	0	0	0	0	0	0	1	0	0	0	0	0
MAP2K1	ENSG00000169032	ENST00000689951	protein_coding	0	0	0	1	0	0	0	0	0	0	1	0	0	0	0	0
MAP2K1	ENSG00000169032	ENST00000691576	protein_coding	0	0	0	1	0	0	0	0	0	0	1	0	0	0	0	0
MAP2K1	ENSG00000169032	ENST00000691937	protein_coding	0	0	0	1	0	0	0	0	0	0	1	0	0	0	0	0
MAP2K1	ENSG00000169032	ENST00000692683	protein_coding	0	0	0	1	0	0	0	0	0	0	1	0	0	0	0	0
MAP2K1	ENSG00000169032	ENST00000693150	protein_coding	0	0	0	1	0	0	0	0	0	0	1	0	0	0	0	0
MCPH1	ENSG00000147316	ENST00000344683	protein_coding	0	0	1	0	0	0	0	0	0	0	0	1	0	0	0	0
MCPH1	ENSG00000147316	ENST00000521129	protein_coding	0	0	1	0	0	0	0	0	0	0	0	1	0	0	0	0
MCPH1	ENSG00000147316	ENST00000687413	protein_coding	0	0	1	0	0	0	0	0	0	0	0	1	0	0	0	0
MCPH1	ENSG00000147316	ENST00000689348	protein_coding	0	0	1	0	0	0	0	0	0	0	0	1	0	0	0	0
MCPH1	ENSG00000147316	ENST00000689633	protein_coding	0	0	0	1	0	0	0	0	0	0	1	0	0	0	0	0
MCPH1	ENSG00000147316	ENST00000689736	protein_coding	0	0	0	1	0	0	0	0	0	0	1	0	0	0	0	0
MCPH1	ENSG00000147316	ENST00000690708	protein_coding	0	0	1	0	0	0	0	0	0	0	0	1	0	0	0	0
MCPH1	ENSG00000147316	ENST00000690826	protein_coding	0	0	1	0	0	0	0	0	0	0	0	1	0	0	0	0
MCPH1	ENSG00000147316	ENST00000691435	protein_coding	0	0	1	0	0	0	0	0	0	0	0	1	0	0	0	0
MCPH1	ENSG00000147316	ENST00000692836	protein_coding	0	0	1	0	0	0	0	0	0	0	0	1	0	0	0	0
MCPH1	ENSG00000147316	ENST00000692938	protein_coding	0	0	1	0	0	0	0	0	0	0	0	1	0	0	0	0
MET	ENSG00000105976	ENST00000318493	protein_coding	0	0	0	3	0	0	0	0	0	0	3	0	0	0	0	0
MET	ENSG00000105976	ENST00000397752	protein_coding	0	0	0	3	0	0	0	0	0	0	3	0	0	0	0	0
MET	ENSG00000105976	ENST00000436117	protein_coding	0	0	0	2	0	0	0	0	0	0	0	0	0	0	0	2
MET	ENSG00000105976	ENST00000456159	protein_coding	0	1	0	2	0	0	0	0	0	1	2	0	0	0	0	0
MITF	ENSG00000187098	ENST00000352241	protein_coding	0	0	0	1	0	0	1	0	0	0	0	0	0	0	0	0
MITF	ENSG00000187098	ENST00000642352	protein_coding	0	0	0	1	0	0	1	0	0	0	0	0	0	0	0	0
MITF	ENSG00000187098	ENST00000687384	protein_coding	0	0	0	1	0	0	1	0	0	0	0	0	0	0	0	0
MITF	ENSG00000187098	ENST00000693031	protein_coding	0	0	0	1	0	0	1	0	0	0	0	0	0	0	0	0
MSH2	ENSG00000095002	ENST00000233146	protein_coding	0	0	1	0	0	0	0	0	0	0	0	1	0	0	0	0
MSH2	ENSG00000095002	ENST00000406134	protein_coding	0	0	1	0	0	0	0	0	0	0	0	1	0	0	0	0
MSH2	ENSG00000095002	ENST00000543555	protein_coding	0	0	1	0	0	0	0	0	0	0	0	1	0	0	0	0
MSH2	ENSG00000095002	ENST00000645506	protein_coding	0	0	1	0	0	0	0	0	0	0	0	1	0	0	0	0
MSH6	ENSG00000116062	ENST00000234420	protein_coding	0	1	0	1	0	0	0	0	0	0	1	0	0	0	1	0
MSH6	ENSG00000116062	ENST00000411819	protein_coding	0	0	0	2	0	0	1	0	1	0	0	0	0	0	0	0
MSH6	ENSG00000116062	ENST00000420813	protein_coding	0	0	0	1	0	0	1	0	0	0	0	0	0	0	0	0
MSH6	ENSG00000116062	ENST00000455383	protein_coding	0	0	0	1	0	0	1	0	0	0	0	0	0	0	0	0
MSH6	ENSG00000116062	ENST00000538136	protein_coding	0	0	0	2	0	0	1	0	0	0	1	0	0	0	0	0
MSH6	ENSG00000116062	ENST00000540021	protein_coding	0	0	0	2	0	0	0	0	0	0	2	0	0	0	0	0
MSH6	ENSG00000116062	ENST00000614496	protein_coding	0	0	0	2	0	0	1	0	0	0	1	0	0	0	0	0
MSH6	ENSG00000116062	ENST00000652107	protein_coding	0	0	0	2	0	0	1	0	0	0	1	0	0	0	0	0
MSH6	ENSG00000116062	ENST00000673637	protein_coding	0	0	0	2	0	0	1	0	0	0	1	0	0	0	0	0
MUTYH	ENSG00000132781	ENST00000354383	protein_coding	0	0	1	0	0	0	0	0	0	0	0	1	0	0	0	0
MUTYH	ENSG00000132781	ENST00000355498	protein_coding	0	0	1	0	0	0	0	0	0	0	0	1	0	0	0	0
MUTYH	ENSG00000132781	ENST00000372098	protein_coding	0	0	1	0	0	0	0	0	0	0	0	1	0	0	0	0
MUTYH	ENSG00000132781	ENST00000372104	protein_coding	0	0	1	0	0	0	0	0	0	0	0	1	0	0	0	0
MUTYH	ENSG00000132781	ENST00000372110	protein_coding	0	0	1	0	0	0	0	0	0	0	0	1	0	0	0	0
MUTYH	ENSG00000132781	ENST00000372115	protein_coding	0	0	1	0	0	0	0	0	0	0	0	1	0	0	0	0
MUTYH	ENSG00000132781	ENST00000412971	protein_coding	0	0	1	0	0	0	0	0	0	0	0	1	0	0	0	0
MUTYH	ENSG00000132781	ENST00000435155	protein_coding	0	0	0	1	0	0	0	0	1	0	0	0	0	0	0	0
MUTYH	ENSG00000132781	ENST00000448481	protein_coding	0	0	1	0	0	0	0	0	0	0	0	1	0	0	0	0
MUTYH	ENSG00000132781	ENST00000456914	protein_coding	0	0	1	0	0	0	0	0	0	0	0	1	0	0	0	0
MUTYH	ENSG00000132781	ENST00000483127	protein_coding	0	0	0	1	0	0	0	0	1	0	0	0	0	0	0	0
MUTYH	ENSG00000132781	ENST00000488731	protein_coding	0	0	0	1	0	0	0	0	0	0	1	0	0	0	0	0
MUTYH	ENSG00000132781	ENST00000528013	protein_coding	0	0	1	0	0	0	0	0	0	0	0	1	0	0	0	0
MUTYH	ENSG00000132781	ENST00000529892	protein_coding	0	0	0	1	0	0	0	0	0	0	1	0	0	0	0	0
MUTYH	ENSG00000132781	ENST00000529984	protein_coding	0	0	0	1	0	0	0	0	0	0	1	0	0	0	0	0
MUTYH	ENSG00000132781	ENST00000531105	protein_coding	0	0	0	1	0	0	0	0	0	0	1	0	0	0	0	0
MUTYH	ENSG00000132781	ENST00000672314	protein_coding	0	0	1	0	0	0	0	0	0	0	0	1	0	0	0	0
MUTYH	ENSG00000132781	ENST00000672818	protein_coding	0	0	1	0	0	0	0	0	0	0	0	1	0	0	0	0
MX1	ENSG00000157601	ENST00000679386	protein_coding	0	0	0	1	0	0	0	0	1	0	0	0	0	0	0	0
NF1	ENSG00000196712	ENST00000356175	protein_coding	0	1	0	0	0	0	0	0	0	0	0	0	0	0	1	0
NF1	ENSG00000196712	ENST00000358273	protein_coding	0	1	0	0	0	0	0	0	0	0	0	0	0	0	1	0
NF1	ENSG00000196712	ENST00000431387	protein_coding	0	0	0	1	0	0	0	0	1	0	0	0	0	0	0	0
NF1	ENSG00000196712	ENST00000456735	protein_coding	0	1	0	0	0	0	0	0	0	0	0	0	0	0	1	0
NF1	ENSG00000196712	ENST00000686189	protein_coding	0	0	0	1	0	0	0	0	1	0	0	0	0	0	0	0
NF1	ENSG00000196712	ENST00000691014	protein_coding	0	1	0	0	0	0	0	0	0	0	0	0	0	0	1	0
NF2	ENSG00000186575	ENST00000334961	protein_coding	0	0	0	1	0	0	0	0	0	0	1	0	0	0	0	0
NF2	ENSG00000186575	ENST00000338641	protein_coding	0	0	0	1	0	0	0	0	0	0	1	0	0	0	0	0
NF2	ENSG00000186575	ENST00000353887	protein_coding	0	0	0	1	0	0	0	0	0	0	1	0	0	0	0	0
NF2	ENSG00000186575	ENST00000361452	protein_coding	0	0	0	1	0	0	0	0	0	0	1	0	0	0	0	0
NF2	ENSG00000186575	ENST00000361676	protein_coding	0	0	0	1	0	0	0	0	0	0	1	0	0	0	0	0
NF2	ENSG00000186575	ENST00000397789	protein_coding	0	0	0	1	0	0	0	0	0	0	1	0	0	0	0	0
NF2	ENSG00000186575	ENST00000403435	protein_coding	0	0	0	1	0	0	0	0	0	0	1	0	0	0	0	0
NF2	ENSG00000186575	ENST00000403999	protein_coding	0	0	0	1	0	0	0	0	0	0	1	0	0	0	0	0
NF2	ENSG00000186575	ENST00000413209	protein_coding	0	0	0	1	0	0	0	0	0	0	1	0	0	0	0	0
NF2	ENSG00000186575	ENST00000672896	protein_coding	0	0	0	1	0	0	0	0	0	0	1	0	0	0	0	0
NKAPD1	ENSG00000150776	ENST00000280352	protein_coding	0	0	0	3	0	0	0	0	3	0	0	0	0	0	0	0
NKAPD1	ENSG00000150776	ENST00000393047	protein_coding	0	0	0	3	0	0	0	0	3	0	0	0	0	0	0	0
NKAPD1	ENSG00000150776	ENST00000420986	protein_coding	0	0	0	3	0	0	0	0	3	0	0	0	0	0	0	0
NKAPD1	ENSG00000150776	ENST00000525785	protein_coding	0	0	0	1	0	0	0	0	1	0	0	0	0	0	0	0
NKAPD1	ENSG00000150776	ENST00000531378	protein_coding	0	0	0	1	0	0	0	0	1	0	0	0	0	0	0	0
NKAPD1	ENSG00000150776	ENST00000532163	protein_coding	0	0	0	3	0	0	0	0	3	0	0	0	0	0	0	0
NOTCH4	ENSG00000204301	ENST00000375023	protein_coding	0	2	0	2	0	1	1	0	0	0	1	0	0	0	1	0
NR6A1	ENSG00000148200	ENST00000344523	protein_coding	0	2	0	0	0	0	0	0	0	0	2	0	2	0	0	0
NR6A1	ENSG00000148200	ENST00000373584	protein_coding	0	2	0	0	0	0	0	0	0	0	2	0	2	0	0	0
NR6A1	ENSG00000148200	ENST00000416460	protein_coding	0	2	0	0	0	0	0	0	0	0	2	0	2	0	0	0
NR6A1	ENSG00000148200	ENST00000487099	protein_coding	0	2	0	0	0	0	0	0	0	0	2	0	2	0	0	0
NRG1	ENSG00000157168	ENST00000287842	protein_coding	0	0	0	18	0	0	0	0	0	0	18	0	0	0	0	0
NRG1	ENSG00000157168	ENST00000356819	protein_coding	0	0	0	18	0	0	0	0	0	0	18	0	0	0	0	0
NRG1	ENSG00000157168	ENST00000405005	protein_coding	0	0	0	18	0	0	0	0	0	0	18	0	0	0	0	0
NRG1	ENSG00000157168	ENST00000518206	protein_coding	0	0	0	18	0	0	0	0	0	0	18	0	0	0	0	0
NRG1	ENSG00000157168	ENST00000519301	protein_coding	0	0	0	18	0	0	0	0	0	0	18	0	0	0	0	0
NRG1	ENSG00000157168	ENST00000520407	protein_coding	0	0	0	18	0	0	0	0	0	0	18	0	0	0	0	0
NRG1	ENSG00000157168	ENST00000520502	protein_coding	0	0	0	15	0	0	0	0	0	0	15	0	0	0	0	0
NRG1	ENSG00000157168	ENST00000521670	protein_coding	0	0	0	18	0	0	0	0	0	0	18	0	0	0	0	0
NRG1	ENSG00000157168	ENST00000522569	protein_coding	0	0	0	18	0	0	0	0	0	0	17	0	0	0	0	1
NRG1	ENSG00000157168	ENST00000523041	protein_coding	0	0	0	15	0	0	0	0	0	0	15	0	0	0	0	0
NRG1	ENSG00000157168	ENST00000523079	protein_coding	0	0	0	18	0	0	0	0	0	0	18	0	0	0	0	0
NRG1	ENSG00000157168	ENST00000523534	protein_coding	0	0	0	18	0	0	0	0	0	0	18	0	0	0	0	0
NRG1	ENSG00000157168	ENST00000650819	protein_coding	0	0	0	15	0	0	0	0	0	0	15	0	0	0	0	0
NRG1	ENSG00000157168	ENST00000650866	protein_coding	0	0	0	18	0	0	0	0	0	0	18	0	0	0	0	0
NRG1	ENSG00000157168	ENST00000650919	protein_coding	0	0	0	18	0	0	0	0	0	0	18	0	0	0	0	0
NRG1	ENSG00000157168	ENST00000650967	protein_coding	0	0	0	18	0	0	0	0	0	0	18	0	0	0	0	0
NRG1	ENSG00000157168	ENST00000650980	protein_coding	0	0	0	18	0	0	0	0	0	0	18	0	0	0	0	0
NRG1	ENSG00000157168	ENST00000651149	protein_coding	0	0	0	18	0	0	0	0	0	0	18	0	0	0	0	0
NRG1	ENSG00000157168	ENST00000651333	protein_coding	0	0	0	15	0	0	0	0	0	0	15	0	0	0	0	0
NRG1	ENSG00000157168	ENST00000651335	protein_coding	0	0	0	18	0	0	0	0	0	0	18	0	0	0	0	0
NRG1	ENSG00000157168	ENST00000652588	protein_coding	0	0	0	18	0	0	0	0	0	0	18	0	0	0	0	0
NRG1	ENSG00000157168	ENST00000652592	protein_coding	0	0	0	15	0	0	0	0	0	0	15	0	0	0	0	0
NRG1	ENSG00000157168	ENST00000652698	protein_coding	0	0	0	18	0	0	0	0	0	0	18	0	0	0	0	0
NTRK2	ENSG00000148053	ENST00000277120	protein_coding	0	0	1	15	0	0	0	0	0	0	15	1	0	0	0	0
NTRK2	ENSG00000148053	ENST00000304053	protein_coding	0	0	1	15	0	0	0	0	0	0	15	1	0	0	0	0
NTRK2	ENSG00000148053	ENST00000323115	protein_coding	0	0	1	15	0	0	0	0	0	0	15	1	0	0	0	0
NTRK2	ENSG00000148053	ENST00000359847	protein_coding	0	0	1	8	0	0	0	0	0	0	8	1	0	0	0	0
NTRK2	ENSG00000148053	ENST00000376208	protein_coding	0	0	1	15	0	0	0	0	0	0	15	1	0	0	0	0
NTRK2	ENSG00000148053	ENST00000376213	protein_coding	0	0	1	15	0	0	0	0	0	0	15	1	0	0	0	0
NTRK2	ENSG00000148053	ENST00000395882	protein_coding	0	0	1	8	0	0	0	0	0	0	8	1	0	0	0	0
NTRK2	ENSG00000148053	ENST00000685387	protein_coding	0	0	1	8	0	0	0	0	0	0	8	1	0	0	0	0
NTRK2	ENSG00000148053	ENST00000685720	protein_coding	0	0	1	15	0	0	0	0	0	0	15	1	0	0	0	0
NTRK2	ENSG00000148053	ENST00000686259	protein_coding	0	0	1	15	0	0	0	0	0	0	15	1	0	0	0	0
NTRK2	ENSG00000148053	ENST00000686322	protein_coding	0	0	1	8	0	0	0	0	0	0	8	1	0	0	0	0
NTRK2	ENSG00000148053	ENST00000686324	protein_coding	0	0	1	15	0	0	0	0	0	0	15	1	0	0	0	0
NTRK2	ENSG00000148053	ENST00000686443	protein_coding	0	0	1	15	0	0	0	0	0	0	15	1	0	0	0	0
NTRK2	ENSG00000148053	ENST00000686496	protein_coding	0	0	1	15	0	0	0	0	0	0	15	1	0	0	0	0
NTRK2	ENSG00000148053	ENST00000686542	protein_coding	0	0	1	8	0	0	0	0	0	0	8	1	0	0	0	0
NTRK2	ENSG00000148053	ENST00000687148	protein_coding	0	0	1	8	0	0	0	0	0	0	8	1	0	0	0	0
NTRK2	ENSG00000148053	ENST00000687386	protein_coding	0	0	1	15	0	0	0	0	0	0	15	1	0	0	0	0
NTRK2	ENSG00000148053	ENST00000687596	protein_coding	0	0	1	8	0	0	0	0	0	0	8	1	0	0	0	0
NTRK2	ENSG00000148053	ENST00000687636	protein_coding	0	0	1	15	0	0	0	0	0	0	15	1	0	0	0	0
NTRK2	ENSG00000148053	ENST00000688013	protein_coding	0	0	1	8	0	0	0	0	0	0	8	1	0	0	0	0
NTRK2	ENSG00000148053	ENST00000689301	protein_coding	0	0	1	15	0	0	0	0	0	0	15	1	0	0	0	0
NTRK2	ENSG00000148053	ENST00000689685	protein_coding	0	0	1	8	0	0	0	0	0	0	8	1	0	0	0	0
NTRK2	ENSG00000148053	ENST00000689815	protein_coding	0	0	1	8	0	0	0	0	0	0	8	1	0	0	0	0
NTRK2	ENSG00000148053	ENST00000690281	protein_coding	0	0	1	8	0	0	0	0	0	0	8	1	0	0	0	0
NTRK2	ENSG00000148053	ENST00000691415	protein_coding	0	0	1	8	0	0	0	0	0	0	8	1	0	0	0	0
NTRK2	ENSG00000148053	ENST00000691788	protein_coding	0	0	1	15	0	0	0	0	0	0	15	1	0	0	0	0
NTRK2	ENSG00000148053	ENST00000692181	protein_coding	0	0	1	15	0	0	0	0	0	0	15	1	0	0	0	0
NTRK2	ENSG00000148053	ENST00000692389	protein_coding	0	0	1	8	0	0	0	0	0	0	8	1	0	0	0	0
NTRK2	ENSG00000148053	ENST00000692473	protein_coding	0	0	1	15	0	0	0	0	0	0	15	1	0	0	0	0
NTRK2	ENSG00000148053	ENST00000692506	protein_coding	0	0	1	8	0	0	0	0	0	0	8	1	0	0	0	0
NTRK2	ENSG00000148053	ENST00000692762	protein_coding	0	0	1	8	0	0	0	0	0	0	8	1	0	0	0	0
NTRK2	ENSG00000148053	ENST00000692804	protein_coding	0	0	1	8	0	0	0	0	0	0	8	1	0	0	0	0
NTRK2	ENSG00000148053	ENST00000693109	protein_coding	0	0	1	8	0	0	0	0	0	0	8	1	0	0	0	0
NTRK2	ENSG00000148053	ENST00000693127	protein_coding	0	0	1	8	0	0	0	0	0	0	8	1	0	0	0	0
NTRK2	ENSG00000148053	ENST00000693384	protein_coding	0	0	1	8	0	0	0	0	0	0	8	1	0	0	0	0
NTRK2	ENSG00000148053	ENST00000693539	protein_coding	0	0	1	15	0	0	0	0	0	0	15	1	0	0	0	0
NTRK3	ENSG00000140538	ENST00000317501	protein_coding	0	1	0	33	0	0	0	0	0	0	33	0	0	0	1	0
NTRK3	ENSG00000140538	ENST00000355254	protein_coding	0	1	0	50	0	0	0	0	0	0	50	0	0	0	1	0
NTRK3	ENSG00000140538	ENST00000357724	protein_coding	0	1	0	50	0	0	0	0	0	0	50	0	0	0	1	0
NTRK3	ENSG00000140538	ENST00000360948	protein_coding	0	1	0	50	0	0	0	0	0	0	50	0	0	0	1	0
NTRK3	ENSG00000140538	ENST00000394480	protein_coding	0	1	0	50	0	0	0	0	0	0	50	0	0	0	1	0
NTRK3	ENSG00000140538	ENST00000540489	protein_coding	0	1	0	33	0	0	0	0	0	0	33	0	0	0	1	0
NTRK3	ENSG00000140538	ENST00000542733	protein_coding	0	1	0	50	0	0	0	0	0	0	50	0	0	0	1	0
NTRK3	ENSG00000140538	ENST00000557856	protein_coding	0	1	0	50	0	0	0	0	0	0	50	0	0	0	1	0
NTRK3	ENSG00000140538	ENST00000558676	protein_coding	0	1	0	50	0	0	0	0	0	0	50	0	0	0	1	0
NTRK3	ENSG00000140538	ENST00000560017	protein_coding	0	0	0	9	0	0	0	0	1	0	8	0	0	0	0	0
NTRK3	ENSG00000140538	ENST00000626019	protein_coding	0	1	0	50	0	0	0	0	0	0	50	0	0	0	1	0
NTRK3	ENSG00000140538	ENST00000629765	protein_coding	0	1	0	50	0	0	0	0	0	0	50	0	0	0	1	0
PDCD1LG2	ENSG00000197646	ENST00000397747	protein_coding	0	0	0	1	1	0	0	0	0	0	0	0	0	0	0	0
PDGFRA	ENSG00000134853	ENST00000257290	protein_coding	0	1	0	1	0	0	0	0	0	0	1	0	0	0	1	0
PDGFRA	ENSG00000134853	ENST00000503856	protein_coding	0	0	0	1	0	0	0	0	1	0	0	0	0	0	0	0
PDGFRA	ENSG00000134853	ENST00000504461	protein_coding	0	0	0	1	0	0	0	0	1	0	0	0	0	0	0	0
PDGFRA	ENSG00000134853	ENST00000508170	protein_coding	0	0	0	1	0	0	0	0	1	0	0	0	0	0	0	0
PDGFRA	ENSG00000134853	ENST00000512522	protein_coding	0	0	0	1	0	0	0	0	1	0	0	0	0	0	0	0
PDGFRB	ENSG00000113721	ENST00000261799	protein_coding	0	2	0	1	0	0	0	0	0	0	1	0	0	0	2	0
PGAP3	ENSG00000161395	ENST00000584856	protein_coding	0	0	0	1	0	0	0	0	0	0	0	0	0	0	0	1
PIK3CA	ENSG00000121879	ENST00000263967	protein_coding	0	0	0	2	0	0	0	0	0	0	2	0	0	0	0	0
PIK3CA	ENSG00000121879	ENST00000643187	protein_coding	0	0	0	2	0	0	0	0	0	0	2	0	0	0	0	0
PIK3R1	ENSG00000145675	ENST00000320694	protein_coding	0	0	1	0	0	0	0	0	0	0	0	1	0	0	0	0
PIK3R1	ENSG00000145675	ENST00000336483	protein_coding	0	0	1	0	0	0	0	0	0	0	0	1	0	0	0	0
PIK3R1	ENSG00000145675	ENST00000519025	protein_coding	0	0	0	1	0	0	0	0	0	0	0	0	0	0	0	1
PIK3R1	ENSG00000145675	ENST00000521381	protein_coding	0	0	1	0	0	0	0	0	0	0	0	1	0	0	0	0
PIK3R1	ENSG00000145675	ENST00000521409	protein_coding	0	0	0	1	0	0	0	0	0	0	1	0	0	0	0	0
PIK3R1	ENSG00000145675	ENST00000521657	protein_coding	0	0	1	0	0	0	0	0	0	0	0	1	0	0	0	0
PIK3R1	ENSG00000145675	ENST00000522084	protein_coding	0	0	1	0	0	0	0	0	0	0	0	1	0	0	0	0
PIK3R1	ENSG00000145675	ENST00000523807	protein_coding	0	0	1	0	0	0	0	0	0	0	0	1	0	0	0	0
PIK3R1	ENSG00000145675	ENST00000523872	protein_coding	0	0	0	1	0	0	0	0	0	0	0	0	0	0	0	1
PLK4	ENSG00000142731	ENST00000270861	protein_coding	0	1	0	0	0	0	0	0	0	0	1	0	1	0	0	0
PLK4	ENSG00000142731	ENST00000507249	protein_coding	0	1	0	0	0	0	0	0	0	0	1	0	1	0	0	0
PLK4	ENSG00000142731	ENST00000508113	protein_coding	0	0	0	1	0	0	0	0	0	0	1	0	0	0	0	0
PLK4	ENSG00000142731	ENST00000513090	protein_coding	0	1	0	0	0	0	0	0	0	0	1	0	1	0	0	0
PLK4	ENSG00000142731	ENST00000514379	protein_coding	0	1	0	0	0	0	0	0	0	0	1	0	1	0	0	0
PLK4	ENSG00000142731	ENST00000515069	protein_coding	0	1	0	0	0	0	0	0	0	0	1	0	1	0	0	0
PTEN	ENSG00000171862	ENST00000371953	protein_coding	0	0	0	1	1	0	0	0	0	0	0	0	0	0	0	0
PTEN	ENSG00000171862	ENST00000472832	protein_coding	0	0	0	1	0	0	0	0	1	0	0	0	0	0	0	0
PTEN	ENSG00000171862	ENST00000688308	protein_coding	0	0	0	1	1	0	0	0	0	0	0	0	0	0	0	0
PTEN	ENSG00000171862	ENST00000693560	protein_coding	0	0	0	1	1	0	0	0	0	0	0	0	0	0	0	0
PTPN11	ENSG00000179295	ENST00000351677	protein_coding	0	0	1	0	0	0	0	0	0	0	0	1	0	0	0	0
PTPN11	ENSG00000179295	ENST00000392597	protein_coding	0	0	1	0	0	0	0	0	0	0	0	1	0	0	0	0
PTPN11	ENSG00000179295	ENST00000530818	protein_coding	0	0	1	0	0	0	0	0	0	0	0	1	0	0	0	0
PTPN11	ENSG00000179295	ENST00000635625	protein_coding	0	0	1	0	0	0	0	0	0	0	0	1	0	0	0	0
PTPN11	ENSG00000179295	ENST00000639857	protein_coding	0	0	1	0	0	0	0	0	0	0	0	1	0	0	0	0
PTPN11	ENSG00000179295	ENST00000687906	protein_coding	0	0	1	0	0	0	0	0	0	0	0	1	0	0	0	0
PTPN11	ENSG00000179295	ENST00000688597	protein_coding	0	0	1	0	0	0	0	0	0	0	0	1	0	0	0	0
PTPN11	ENSG00000179295	ENST00000690210	protein_coding	0	0	1	0	0	0	0	0	0	0	0	1	0	0	0	0
RAD51B	ENSG00000182185	ENST00000487861	protein_coding	0	0	0	1	0	0	0	0	0	0	1	0	0	0	0	0
RAD51B	ENSG00000182185	ENST00000488612	protein_coding	0	0	0	1	0	0	0	0	0	0	1	0	0	0	0	0
RB1	ENSG00000139687	ENST00000267163	protein_coding	1	0	0	0	0	0	0	0	0	0	0	0	0	1	0	0
RB1	ENSG00000139687	ENST00000643064	protein_coding	0	0	0	1	0	0	0	0	0	0	1	0	0	0	0	0
RB1	ENSG00000139687	ENST00000650461	protein_coding	1	0	0	0	0	0	0	0	0	0	0	0	0	1	0	0
RNF43	ENSG00000108375	ENST00000407977	protein_coding	0	0	0	1	0	0	0	0	0	0	1	0	0	0	0	0
RNF43	ENSG00000108375	ENST00000577625	protein_coding	0	0	0	1	0	0	0	0	0	0	1	0	0	0	0	0
RNF43	ENSG00000108375	ENST00000577716	protein_coding	0	0	0	1	0	0	0	0	0	0	1	0	0	0	0	0
RNF43	ENSG00000108375	ENST00000581868	protein_coding	0	0	0	1	0	0	0	0	1	0	0	0	0	0	0	0
RNF43	ENSG00000108375	ENST00000583753	protein_coding	0	0	0	1	0	0	0	0	0	0	1	0	0	0	0	0
RNF43	ENSG00000108375	ENST00000584437	protein_coding	0	0	0	1	0	0	0	0	0	0	1	0	0	0	0	0
ROS1	ENSG00000047936	ENST00000368507	protein_coding	0	0	1	1	0	0	0	0	0	0	1	1	0	0	0	0
ROS1	ENSG00000047936	ENST00000368508	protein_coding	0	0	1	1	0	0	0	0	0	0	1	1	0	0	0	0
RSPO2	ENSG00000147655	ENST00000276659	protein_coding	0	0	1	0	0	0	0	0	0	0	0	1	0	0	0	0
RSPO2	ENSG00000147655	ENST00000517781	protein_coding	0	0	1	0	0	0	0	0	0	0	0	1	0	0	0	0
RSPO2	ENSG00000147655	ENST00000517939	protein_coding	0	0	1	0	0	0	0	0	0	0	0	1	0	0	0	0
SDC4	ENSG00000124145	ENST00000372733	protein_coding	0	0	0	4	1	0	0	0	0	0	3	0	0	0	0	0
SDHA	ENSG00000073578	ENST00000264932	protein_coding	0	1	0	2	0	0	0	0	0	0	3	0	1	0	0	0
SDHA	ENSG00000073578	ENST00000504309	protein_coding	0	1	0	2	0	0	0	0	0	0	3	0	1	0	0	0
SDHA	ENSG00000073578	ENST00000510361	protein_coding	0	0	0	3	0	0	0	0	0	0	3	0	0	0	0	0
SDHD	ENSG00000204370	ENST00000375549	protein_coding	0	1	1	1	0	0	0	0	0	0	1	1	0	0	1	0
SDHD	ENSG00000204370	ENST00000525291	protein_coding	0	1	1	1	0	0	0	0	0	0	1	1	0	0	1	0
SDHD	ENSG00000204370	ENST00000526592	protein_coding	0	1	1	1	0	0	0	0	0	0	1	1	0	0	1	0
SDHD	ENSG00000204370	ENST00000528021	protein_coding	0	1	1	1	0	0	0	0	0	0	1	1	0	0	1	0
SDHD	ENSG00000204370	ENST00000528048	protein_coding	0	0	1	2	0	0	0	0	0	0	2	1	0	0	0	0
SDHD	ENSG00000204370	ENST00000528182	protein_coding	0	1	1	1	0	0	0	0	0	0	1	1	0	0	1	0
SF3B1	ENSG00000115524	ENST00000335508	protein_coding	0	1	0	1	0	0	0	0	0	0	1	0	0	0	1	0
SF3B1	ENSG00000115524	ENST00000414963	protein_coding	0	1	0	0	0	0	0	0	0	0	0	0	0	0	1	0
SF3B1	ENSG00000115524	ENST00000424674	protein_coding	0	0	0	1	0	0	0	0	0	0	0	0	0	0	0	1
SF3B1	ENSG00000115524	ENST00000487698	protein_coding	0	1	0	0	0	0	0	0	0	0	0	0	0	0	1	0
SLC34A2	ENSG00000157765	ENST00000382051	protein_coding	0	0	0	2	0	0	0	0	0	0	2	0	0	0	0	0
SLC34A2	ENSG00000157765	ENST00000503434	protein_coding	0	0	0	2	0	0	0	0	0	0	2	0	0	0	0	0
SLC34A2	ENSG00000157765	ENST00000504570	protein_coding	0	0	0	2	0	0	0	0	0	0	2	0	0	0	0	0
SLC34A2	ENSG00000157765	ENST00000507530	protein_coding	0	0	0	2	0	0	0	0	0	0	2	0	0	0	0	0
SLC34A2	ENSG00000157765	ENST00000513204	protein_coding	0	0	0	2	0	0	0	0	0	0	2	0	0	0	0	0
SLC34A2	ENSG00000157765	ENST00000645788	protein_coding	0	0	0	2	0	0	0	0	0	0	2	0	0	0	0	0
SMARCA4	ENSG00000127616	ENST00000344626	protein_coding	0	0	1	0	0	0	0	0	0	0	0	1	0	0	0	0
SMARCA4	ENSG00000127616	ENST00000429416	protein_coding	0	0	1	0	0	0	0	0	0	0	0	1	0	0	0	0
SMARCA4	ENSG00000127616	ENST00000444061	protein_coding	0	0	1	0	0	0	0	0	0	0	0	1	0	0	0	0
SMARCA4	ENSG00000127616	ENST00000538456	protein_coding	0	0	0	1	0	0	0	0	0	0	0	0	0	0	0	1
SMARCA4	ENSG00000127616	ENST00000541122	protein_coding	0	0	1	0	0	0	0	0	0	0	0	1	0	0	0	0
SMARCA4	ENSG00000127616	ENST00000586985	protein_coding	0	0	0	1	0	0	0	0	0	0	0	0	0	0	0	1
SMARCA4	ENSG00000127616	ENST00000589677	protein_coding	0	0	1	0	0	0	0	0	0	0	0	1	0	0	0	0
SMARCA4	ENSG00000127616	ENST00000590574	protein_coding	0	0	1	0	0	0	0	0	0	0	0	1	0	0	0	0
SMARCA4	ENSG00000127616	ENST00000591545	protein_coding	0	0	0	1	0	0	0	0	1	0	0	0	0	0	0	0
SMARCA4	ENSG00000127616	ENST00000592158	protein_coding	0	0	0	1	0	0	0	0	0	0	0	0	0	0	0	1
SMARCA4	ENSG00000127616	ENST00000642350	protein_coding	0	0	1	0	0	0	0	0	0	0	0	1	0	0	0	0
SMARCA4	ENSG00000127616	ENST00000642508	protein_coding	0	0	1	0	0	0	0	0	0	0	0	1	0	0	0	0
SMARCA4	ENSG00000127616	ENST00000642628	protein_coding	0	0	1	0	0	0	0	0	0	0	0	1	0	0	0	0
SMARCA4	ENSG00000127616	ENST00000642726	protein_coding	0	0	1	0	0	0	0	0	0	0	0	1	0	0	0	0
SMARCA4	ENSG00000127616	ENST00000643208	protein_coding	0	0	1	0	0	0	0	0	0	0	0	1	0	0	0	0
SMARCA4	ENSG00000127616	ENST00000643296	protein_coding	0	0	1	0	0	0	0	0	0	0	0	1	0	0	0	0
SMARCA4	ENSG00000127616	ENST00000643534	protein_coding	0	0	1	0	0	0	0	0	0	0	0	1	0	0	0	0
SMARCA4	ENSG00000127616	ENST00000643549	protein_coding	0	0	1	0	0	0	0	0	0	0	0	1	0	0	0	0
SMARCA4	ENSG00000127616	ENST00000643857	protein_coding	0	0	1	0	0	0	0	0	0	0	0	1	0	0	0	0
SMARCA4	ENSG00000127616	ENST00000643995	protein_coding	0	0	1	0	0	0	0	0	0	0	0	1	0	0	0	0
SMARCA4	ENSG00000127616	ENST00000644065	protein_coding	0	0	1	0	0	0	0	0	0	0	0	1	0	0	0	0
SMARCA4	ENSG00000127616	ENST00000644737	protein_coding	0	0	1	0	0	0	0	0	0	0	0	1	0	0	0	0
SMARCA4	ENSG00000127616	ENST00000644963	protein_coding	0	0	1	0	0	0	0	0	0	0	0	1	0	0	0	0
SMARCA4	ENSG00000127616	ENST00000645236	protein_coding	0	0	1	0	0	0	0	0	0	0	0	1	0	0	0	0
SMARCA4	ENSG00000127616	ENST00000645460	protein_coding	0	0	1	0	0	0	0	0	0	0	0	1	0	0	0	0
SMARCA4	ENSG00000127616	ENST00000646183	protein_coding	0	0	1	0	0	0	0	0	0	0	0	1	0	0	0	0
SMARCA4	ENSG00000127616	ENST00000646484	protein_coding	0	0	1	0	0	0	0	0	0	0	0	1	0	0	0	0
SMARCA4	ENSG00000127616	ENST00000646510	protein_coding	0	0	1	0	0	0	0	0	0	0	0	1	0	0	0	0
SMARCA4	ENSG00000127616	ENST00000646693	protein_coding	0	0	1	0	0	0	0	0	0	0	0	1	0	0	0	0
SMARCA4	ENSG00000127616	ENST00000646746	protein_coding	0	0	1	0	0	0	0	0	0	0	0	1	0	0	0	0
SMARCA4	ENSG00000127616	ENST00000647230	protein_coding	0	0	1	0	0	0	0	0	0	0	0	1	0	0	0	0
SMARCA4	ENSG00000127616	ENST00000647268	protein_coding	0	0	1	0	0	0	0	0	0	0	0	1	0	0	0	0
SPOP	ENSG00000121067	ENST00000347630	protein_coding	0	1	0	0	0	0	0	0	0	0	1	0	1	0	0	0
SPOP	ENSG00000121067	ENST00000393328	protein_coding	0	1	0	0	0	0	0	0	0	0	1	0	1	0	0	0
SPOP	ENSG00000121067	ENST00000451526	protein_coding	0	0	0	1	0	0	0	0	1	0	0	0	0	0	0	0
SPOP	ENSG00000121067	ENST00000503676	protein_coding	0	1	0	0	0	0	0	0	0	0	1	0	1	0	0	0
SPOP	ENSG00000121067	ENST00000504102	protein_coding	0	1	0	0	0	0	0	0	0	0	1	0	1	0	0	0
SPOP	ENSG00000121067	ENST00000505581	protein_coding	0	1	0	0	0	0	0	0	0	0	1	0	1	0	0	0
SPOP	ENSG00000121067	ENST00000507970	protein_coding	0	1	0	0	0	0	0	0	0	0	1	0	1	0	0	0
SPOP	ENSG00000121067	ENST00000508805	protein_coding	0	0	0	1	0	0	0	0	1	0	0	0	0	0	0	0
SPOP	ENSG00000121067	ENST00000509079	protein_coding	0	1	0	0	0	0	0	0	0	0	1	0	1	0	0	0
SPOP	ENSG00000121067	ENST00000510476	protein_coding	0	0	0	1	0	0	0	0	1	0	0	0	0	0	0	0
SPOP	ENSG00000121067	ENST00000514121	protein_coding	0	1	0	0	0	0	0	0	0	0	1	0	1	0	0	0
SPOP	ENSG00000121067	ENST00000515508	protein_coding	0	1	0	0	0	0	0	0	0	0	1	0	1	0	0	0
SPOP	ENSG00000121067	ENST00000665825	protein_coding	0	1	0	0	0	0	0	0	0	0	1	0	1	0	0	0
STK11	ENSG00000118046	ENST00000326873	protein_coding	0	0	0	1	0	0	0	0	0	0	1	0	0	0	0	0
STK11	ENSG00000118046	ENST00000585465	protein_coding	0	0	0	1	0	0	0	0	0	0	0	0	0	0	0	1
STK11	ENSG00000118046	ENST00000585748	protein_coding	0	0	0	1	0	0	0	0	0	0	1	0	0	0	0	0
STK11	ENSG00000118046	ENST00000585851	protein_coding	0	0	0	1	0	0	0	0	0	0	1	0	0	0	0	0
STK11	ENSG00000118046	ENST00000652231	protein_coding	0	0	0	1	0	0	0	0	0	0	1	0	0	0	0	0
SUPT4H1	ENSG00000213246	ENST00000225504	protein_coding	0	0	0	1	0	0	0	0	0	0	0	0	0	0	0	1
SUPT4H1	ENSG00000213246	ENST00000577396	protein_coding	0	0	0	1	0	0	0	0	0	0	0	0	0	0	0	1
SUPT4H1	ENSG00000213246	ENST00000580947	protein_coding	0	0	0	1	0	0	0	0	0	0	0	0	0	0	0	1
SUPT4H1	ENSG00000213246	ENST00000581540	protein_coding	0	0	0	1	0	0	0	0	0	0	0	0	0	0	0	1
SYNE1	ENSG00000131018	ENST00000354674	protein_coding	0	0	0	1	0	0	0	0	0	0	1	0	0	0	0	0
SYNE1	ENSG00000131018	ENST00000367251	protein_coding	0	0	0	1	0	0	0	0	0	0	1	0	0	0	0	0
SYNE1	ENSG00000131018	ENST00000367255	protein_coding	0	0	0	1	0	0	0	0	0	0	1	0	0	0	0	0
SYNE1	ENSG00000131018	ENST00000367257	protein_coding	0	0	0	1	0	0	0	0	0	0	1	0	0	0	0	0
SYNE1	ENSG00000131018	ENST00000423061	protein_coding	0	0	0	1	0	0	0	0	0	0	1	0	0	0	0	0
SYNE1	ENSG00000131018	ENST00000539504	protein_coding	0	0	0	1	0	0	0	0	0	0	1	0	0	0	0	0
SYNE1	ENSG00000131018	ENST00000672154	protein_coding	0	0	0	1	0	0	0	0	0	0	1	0	0	0	0	0
SYNE1	ENSG00000131018	ENST00000672169	protein_coding	0	0	0	1	0	0	0	0	0	0	1	0	0	0	0	0
SYNE1	ENSG00000131018	ENST00000673173	protein_coding	0	0	0	1	0	0	0	0	0	0	1	0	0	0	0	0
TACC3	ENSG00000013810	ENST00000313288	protein_coding	0	1	0	1	0	0	0	0	0	0	1	0	0	0	1	0
TACC3	ENSG00000013810	ENST00000470136	protein_coding	0	1	0	0	0	0	0	0	0	0	0	0	0	0	1	0
TACC3	ENSG00000013810	ENST00000612220	protein_coding	0	1	0	1	0	0	0	0	0	0	1	0	0	0	1	0
TACC3	ENSG00000013810	ENST00000651472	protein_coding	0	1	0	1	0	0	0	0	0	0	1	0	0	0	1	0
TACC3	ENSG00000013810	ENST00000652770	protein_coding	0	1	0	1	0	0	0	0	0	0	1	0	0	0	1	0
TFE3	ENSG00000068323	ENST00000315869	protein_coding	0	0	0	1	0	0	0	0	0	0	1	0	0	0	0	0
TFEB	ENSG00000112561	ENST00000230323	protein_coding	0	0	1	0	0	0	0	1	0	0	0	0	0	0	0	0
TFEB	ENSG00000112561	ENST00000343317	protein_coding	0	0	1	0	0	0	0	1	0	0	0	0	0	0	0	0
TFEB	ENSG00000112561	ENST00000358871	protein_coding	0	0	1	0	0	0	0	1	0	0	0	0	0	0	0	0
TFEB	ENSG00000112561	ENST00000373033	protein_coding	0	0	1	0	0	0	0	1	0	0	0	0	0	0	0	0
TFEB	ENSG00000112561	ENST00000394283	protein_coding	0	0	1	0	0	0	0	1	0	0	0	0	0	0	0	0
TFEB	ENSG00000112561	ENST00000403298	protein_coding	0	0	1	0	0	0	0	1	0	0	0	0	0	0	0	0
TFEB	ENSG00000112561	ENST00000406563	protein_coding	0	0	1	0	0	0	0	1	0	0	0	0	0	0	0	0
TFEB	ENSG00000112561	ENST00000416140	protein_coding	0	0	1	0	0	0	0	1	0	0	0	0	0	0	0	0
TFEB	ENSG00000112561	ENST00000419396	protein_coding	0	0	1	0	0	0	0	1	0	0	0	0	0	0	0	0
TFEB	ENSG00000112561	ENST00000419574	protein_coding	0	0	1	0	0	0	0	1	0	0	0	0	0	0	0	0
TFEB	ENSG00000112561	ENST00000420312	protein_coding	0	0	1	0	0	0	0	1	0	0	0	0	0	0	0	0
TFEB	ENSG00000112561	ENST00000424495	protein_coding	0	0	1	0	0	0	0	1	0	0	0	0	0	0	0	0
TFEB	ENSG00000112561	ENST00000445214	protein_coding	0	0	1	0	0	0	0	1	0	0	0	0	0	0	0	0
TFEB	ENSG00000112561	ENST00000677531	protein_coding	0	0	1	0	0	0	0	1	0	0	0	0	0	0	0	0
TFEB	ENSG00000112561	ENST00000678831	protein_coding	0	0	1	0	0	0	0	1	0	0	0	0	0	0	0	0
TIMM8B	ENSG00000150779	ENST00000504148	protein_coding	0	0	0	3	0	0	0	0	0	0	0	0	0	0	0	3
TIMM8B	ENSG00000150779	ENST00000541231	protein_coding	0	0	0	3	0	0	0	0	0	0	0	0	0	0	0	3
TMPRSS2	ENSG00000184012	ENST00000332149	protein_coding	0	1	0	8	0	0	0	0	0	0	8	0	0	0	1	0
TMPRSS2	ENSG00000184012	ENST00000398585	protein_coding	0	1	0	8	0	0	0	0	0	0	8	0	0	0	1	0
TMPRSS2	ENSG00000184012	ENST00000424093	protein_coding	0	1	0	8	0	0	0	0	0	0	8	0	0	0	1	0
TMPRSS2	ENSG00000184012	ENST00000454499	protein_coding	0	1	0	8	0	0	0	0	0	0	8	0	0	0	1	0
TMPRSS2	ENSG00000184012	ENST00000455813	protein_coding	0	0	0	2	0	0	0	0	0	0	2	0	0	0	0	0
TMPRSS2	ENSG00000184012	ENST00000458356	protein_coding	0	1	0	8	0	0	0	0	0	0	8	0	0	0	1	0
TMPRSS2	ENSG00000184012	ENST00000676973	protein_coding	0	1	0	8	0	0	0	0	0	0	8	0	0	0	1	0
TMPRSS2	ENSG00000184012	ENST00000678171	protein_coding	0	1	0	8	0	0	0	0	0	0	8	0	0	0	1	0
TMPRSS2	ENSG00000184012	ENST00000678348	protein_coding	0	1	0	8	0	0	0	0	0	0	8	0	0	0	1	0
TMPRSS2	ENSG00000184012	ENST00000678743	protein_coding	0	1	0	8	0	0	0	0	0	0	8	0	0	0	1	0
TMPRSS2	ENSG00000184012	ENST00000679016	protein_coding	0	1	0	8	0	0	0	0	0	0	8	0	0	0	1	0
TMPRSS2	ENSG00000184012	ENST00000679054	protein_coding	0	1	0	8	0	0	0	0	0	0	8	0	0	0	1	0
TMPRSS2	ENSG00000184012	ENST00000679263	protein_coding	0	1	0	8	0	0	0	0	0	0	8	0	0	0	1	0
TSC1	ENSG00000165699	ENST00000298552	protein_coding	0	1	0	0	0	0	0	0	0	0	0	0	0	0	1	0
TSC1	ENSG00000165699	ENST00000440111	protein_coding	0	1	0	0	0	0	0	0	0	0	0	0	0	0	1	0
TSC1	ENSG00000165699	ENST00000545250	protein_coding	0	1	0	0	0	0	0	0	0	0	0	0	0	0	1	0
TSC1	ENSG00000165699	ENST00000642617	protein_coding	0	1	0	0	0	0	0	0	0	0	0	0	0	0	1	0
TSC1	ENSG00000165699	ENST00000642627	protein_coding	0	1	0	0	0	0	0	0	0	0	0	0	0	0	1	0
TSC1	ENSG00000165699	ENST00000643072	protein_coding	0	1	0	0	0	0	0	0	0	0	0	0	0	0	1	0
TSC1	ENSG00000165699	ENST00000643583	protein_coding	0	1	0	0	0	0	0	0	0	0	0	0	0	0	1	0
TSC1	ENSG00000165699	ENST00000643875	protein_coding	0	1	0	0	0	0	0	0	0	0	0	0	0	0	1	0
TSC1	ENSG00000165699	ENST00000644097	protein_coding	0	1	0	0	0	0	0	0	0	0	0	0	0	0	1	0
TSC1	ENSG00000165699	ENST00000644184	protein_coding	0	1	0	0	0	0	0	0	0	0	0	0	0	0	1	0
TSC1	ENSG00000165699	ENST00000646625	protein_coding	0	1	0	0	0	0	0	0	0	0	0	0	0	0	1	0
VCP	ENSG00000165280	ENST00000358901	protein_coding	0	0	0	1	0	0	0	0	0	0	0	0	0	0	0	1
VCP	ENSG00000165280	ENST00000417448	protein_coding	0	0	0	1	0	0	0	0	0	0	0	0	0	0	0	1
VCP	ENSG00000165280	ENST00000448530	protein_coding	0	0	0	1	0	0	0	0	0	0	0	0	0	0	0	1
VCP	ENSG00000165280	ENST00000677257	protein_coding	0	0	0	1	0	0	0	0	0	0	0	0	0	0	0	1
VCP	ENSG00000165280	ENST00000678650	protein_coding	0	0	0	1	0	0	0	0	0	0	0	0	0	0	0	1
VCP	ENSG00000165280	ENST00000679647	protein_coding	0	0	0	1	0	0	0	0	0	0	0	0	0	0	0	1
VCP	ENSG00000165280	ENST00000679862	protein_coding	0	0	0	1	0	0	0	0	0	0	0	0	0	0	0	1
VCP	ENSG00000165280	ENST00000679902	protein_coding	0	0	0	1	0	0	0	0	0	0	0	0	0	0	0	1
VCP	ENSG00000165280	ENST00000681335	protein_coding	0	0	0	1	0	0	0	0	0	0	0	0	0	0	0	1
VCP	ENSG00000165280	ENST00000681386	protein_coding	0	0	0	1	0	0	0	0	0	0	0	0	0	0	0	1
WRN	ENSG00000165392	ENST00000298139	protein_coding	0	2	1	2	0	0	0	0	0	0	3	1	1	0	1	0
ZNF276	ENSG00000158805	ENST00000289816	protein_coding	0	0	0	1	1	0	0	0	0	0	0	0	0	0	0	0
ZNF276	ENSG00000158805	ENST00000443381	protein_coding	0	0	0	1	1	0	0	0	0	0	0	0	0	0	0	0
ZNF276	ENSG00000158805	ENST00000568064	protein_coding	0	0	0	1	0	0	0	0	1	0	0	0	0	0	0	0
