# The following table is formatted as tab separated values. 
#GeneName	GeneId	TranscriptId	BioType	variants_impact_HIGH	variants_impact_LOW	variants_impact_MODERATE	variants_impact_MODIFIER	variants_effect_3_prime_UTR_variant	variants_effect_5_prime_UTR_variant	variants_effect_conservative_inframe_deletion	variants_effect_downstream_gene_variant	variants_effect_frameshift_variant	variants_effect_intron_variant	variants_effect_missense_variant	variants_effect_synonymous_variant	variants_effect_upstream_gene_variant
ABL2	ENSG00000143322	ENST00000344730	protein_coding	0	0	0	2	0	0	0	0	0	2	0	0	0
ABL2	ENSG00000143322	ENST00000367623	protein_coding	0	0	0	3	0	0	0	0	0	3	0	0	0
ABL2	ENSG00000143322	ENST00000392043	protein_coding	0	0	0	3	0	0	0	0	0	3	0	0	0
ABL2	ENSG00000143322	ENST00000408940	protein_coding	0	0	0	2	0	0	0	0	0	2	0	0	0
ABL2	ENSG00000143322	ENST00000502732	protein_coding	0	0	0	3	0	0	0	0	0	3	0	0	0
ABL2	ENSG00000143322	ENST00000504405	protein_coding	0	0	0	2	0	0	0	0	0	2	0	0	0
ABL2	ENSG00000143322	ENST00000507173	protein_coding	0	0	0	3	0	0	0	0	0	3	0	0	0
ABL2	ENSG00000143322	ENST00000511413	protein_coding	0	0	0	3	0	0	0	0	0	3	0	0	0
ABL2	ENSG00000143322	ENST00000512653	protein_coding	0	0	0	2	0	0	0	0	0	2	0	0	0
AC119673.1	ENSG00000268313	ENST00000598338	protein_coding	0	0	0	5	0	0	0	0	0	0	0	0	5
ACTR5	ENSG00000101442	ENST00000243903	protein_coding	0	0	0	2	0	0	0	2	0	0	0	0	0
ADAM22	ENSG00000008277	ENST00000265727	protein_coding	0	0	0	2	0	0	0	0	0	1	0	0	1
ADAM22	ENSG00000008277	ENST00000315984	protein_coding	0	0	0	2	0	0	0	0	0	1	0	0	1
ADAM22	ENSG00000008277	ENST00000398201	protein_coding	0	0	0	2	0	0	0	0	0	1	0	0	1
ADAM22	ENSG00000008277	ENST00000398203	protein_coding	0	0	0	2	0	0	0	0	0	1	0	0	1
ADAM22	ENSG00000008277	ENST00000398204	protein_coding	0	0	0	2	0	0	0	0	0	1	0	0	1
ADAM22	ENSG00000008277	ENST00000398209	protein_coding	0	0	0	2	0	0	0	0	0	1	0	0	1
ADAM22	ENSG00000008277	ENST00000412441	protein_coding	0	0	0	2	0	0	0	0	0	1	0	0	1
ADAM22	ENSG00000008277	ENST00000439864	protein_coding	0	0	0	2	0	0	0	0	0	1	0	0	1
AE000662.92	ENSG00000259003	ENST00000557595	protein_coding	0	0	0	1	0	0	0	0	0	1	0	0	0
AKT3	ENSG00000117020	ENST00000263826	protein_coding	0	0	0	1	0	0	0	0	0	1	0	0	0
AKT3	ENSG00000117020	ENST00000336199	protein_coding	0	0	0	1	0	0	0	0	0	1	0	0	0
AKT3	ENSG00000117020	ENST00000366539	protein_coding	0	0	0	1	0	0	0	0	0	1	0	0	0
AKT3	ENSG00000117020	ENST00000366540	protein_coding	0	0	0	1	0	0	0	0	0	1	0	0	0
ALK	ENSG00000171094	ENST00000389048	protein_coding	0	0	0	2	0	0	0	0	0	2	0	0	0
ALK	ENSG00000171094	ENST00000431873	protein_coding	0	0	0	2	0	0	0	0	0	2	0	0	0
ANGPTL7	ENSG00000171819	ENST00000376819	protein_coding	0	0	0	1	0	0	0	1	0	0	0	0	0
AP000304.12	ENSG00000249209	ENST00000429238	protein_coding	0	0	0	1	0	0	0	0	0	1	0	0	0
ARCN1	ENSG00000095139	ENST00000264028	protein_coding	0	0	0	1	1	0	0	0	0	0	0	0	0
ARCN1	ENSG00000095139	ENST00000359415	protein_coding	0	0	0	1	1	0	0	0	0	0	0	0	0
ARCN1	ENSG00000095139	ENST00000392859	protein_coding	0	0	0	1	0	0	0	1	0	0	0	0	0
ARCN1	ENSG00000095139	ENST00000534182	protein_coding	0	0	0	1	0	0	0	0	0	1	0	0	0
ARHGEF33	ENSG00000214694	ENST00000409978	protein_coding	0	0	0	1	0	0	0	0	0	1	0	0	0
ARPC1A	ENSG00000241685	ENST00000262942	protein_coding	0	0	0	3	0	0	0	2	0	1	0	0	0
ARPC1A	ENSG00000241685	ENST00000432884	protein_coding	1	0	0	4	1	0	0	0	1	3	0	0	0
ARPC1B	ENSG00000130429	ENST00000252725	protein_coding	2	0	0	0	0	0	0	0	2	0	0	0	0
ARPC1B	ENSG00000130429	ENST00000414376	protein_coding	2	0	0	0	0	0	0	0	2	0	0	0	0
ARPC1B	ENSG00000130429	ENST00000417330	protein_coding	2	0	0	0	0	0	0	0	2	0	0	0	0
ARPC1B	ENSG00000130429	ENST00000418347	protein_coding	2	0	0	0	0	0	0	0	2	0	0	0	0
ARPC1B	ENSG00000130429	ENST00000427217	protein_coding	2	0	0	0	0	0	0	0	2	0	0	0	0
ARPC1B	ENSG00000130429	ENST00000429246	protein_coding	1	0	0	1	0	0	0	1	1	0	0	0	0
ARPC1B	ENSG00000130429	ENST00000431816	protein_coding	2	0	0	0	0	0	0	0	2	0	0	0	0
ARPC1B	ENSG00000130429	ENST00000443222	protein_coding	2	0	0	0	0	0	0	0	2	0	0	0	0
ARPC1B	ENSG00000130429	ENST00000451682	protein_coding	2	0	0	0	0	0	0	0	2	0	0	0	0
ARPC1B	ENSG00000130429	ENST00000455009	protein_coding	2	0	0	0	0	0	0	0	2	0	0	0	0
ARPC1B	ENSG00000130429	ENST00000458033	protein_coding	2	0	0	0	0	0	0	0	2	0	0	0	0
ASIC2	ENSG00000108684	ENST00000225823	protein_coding	0	0	0	2	0	0	0	2	0	0	0	0	0
ASIC2	ENSG00000108684	ENST00000359872	protein_coding	0	0	0	2	0	0	0	2	0	0	0	0	0
BICD2	ENSG00000185963	ENST00000356884	protein_coding	0	0	0	1	0	0	0	0	0	1	0	0	0
BICD2	ENSG00000185963	ENST00000375512	protein_coding	0	0	0	1	0	0	0	0	0	1	0	0	0
BUD31	ENSG00000106245	ENST00000222969	protein_coding	0	0	0	1	0	0	0	0	0	1	0	0	0
BUD31	ENSG00000106245	ENST00000403633	protein_coding	0	0	0	1	0	0	0	0	0	1	0	0	0
BUD31	ENSG00000106245	ENST00000431419	protein_coding	0	0	0	1	0	0	0	0	0	0	0	0	1
BUD31	ENSG00000106245	ENST00000456893	protein_coding	0	0	0	1	0	0	0	0	0	0	0	0	1
C11orf65	ENSG00000166323	ENST00000393084	protein_coding	0	0	0	3	0	0	0	0	0	3	0	0	0
C11orf65	ENSG00000166323	ENST00000524755	protein_coding	0	0	0	1	0	0	0	0	0	1	0	0	0
C11orf65	ENSG00000166323	ENST00000525729	protein_coding	0	0	0	3	0	0	0	0	0	3	0	0	0
C11orf65	ENSG00000166323	ENST00000529391	protein_coding	0	0	0	3	0	0	0	0	0	2	0	0	1
C11orf65	ENSG00000166323	ENST00000533583	protein_coding	0	0	0	2	0	0	0	0	0	1	0	0	1
C19orf47	ENSG00000160392	ENST00000392035	protein_coding	0	0	0	1	0	0	0	0	0	1	0	0	0
C19orf47	ENSG00000160392	ENST00000580606	protein_coding	0	0	0	1	0	0	0	0	0	1	0	0	0
C19orf47	ENSG00000160392	ENST00000582006	protein_coding	0	0	0	1	0	0	0	0	0	1	0	0	0
C19orf47	ENSG00000160392	ENST00000582783	protein_coding	0	0	0	1	0	0	0	0	0	1	0	0	0
C19orf52	ENSG00000142444	ENST00000270502	protein_coding	0	0	0	2	0	0	0	1	0	0	0	0	1
CAMKV	ENSG00000164076	ENST00000296471	protein_coding	0	0	0	1	0	0	0	0	0	1	0	0	0
CAMKV	ENSG00000164076	ENST00000463537	protein_coding	0	0	0	1	0	0	0	0	0	1	0	0	0
CAMKV	ENSG00000164076	ENST00000466940	protein_coding	0	0	0	1	0	0	0	0	0	1	0	0	0
CAMKV	ENSG00000164076	ENST00000467248	protein_coding	0	0	0	1	0	0	0	0	0	1	0	0	0
CAMKV	ENSG00000164076	ENST00000477224	protein_coding	0	0	0	1	0	0	0	0	0	1	0	0	0
CAMKV	ENSG00000164076	ENST00000480398	protein_coding	0	0	0	1	0	0	0	0	0	1	0	0	0
CAMKV	ENSG00000164076	ENST00000488336	protein_coding	0	0	0	1	0	0	0	0	0	1	0	0	0
CARM1	ENSG00000142453	ENST00000327064	protein_coding	0	0	0	4	0	0	0	1	0	3	0	0	0
CARM1	ENSG00000142453	ENST00000344150	protein_coding	0	0	0	4	0	0	0	1	0	3	0	0	0
CARM1	ENSG00000142453	ENST00000586298	protein_coding	0	0	0	2	0	0	0	1	0	0	0	0	1
CARM1	ENSG00000142453	ENST00000588947	protein_coding	0	0	0	1	0	0	0	0	0	1	0	0	0
CDH1	ENSG00000039068	ENST00000261769	protein_coding	0	0	0	1	0	0	0	0	0	1	0	0	0
CDH1	ENSG00000039068	ENST00000422392	protein_coding	0	0	0	1	0	0	0	0	0	1	0	0	0
CHMP4B	ENSG00000101421	ENST00000217402	protein_coding	0	0	0	3	0	0	0	0	0	3	0	0	0
CREBBP	ENSG00000005339	ENST00000262367	protein_coding	0	1	0	6	0	0	0	3	0	3	0	1	0
CREBBP	ENSG00000005339	ENST00000382070	protein_coding	0	1	0	4	0	0	0	1	0	3	0	1	0
CREBBP	ENSG00000005339	ENST00000570939	protein_coding	0	0	0	1	0	0	0	0	0	1	0	0	0
CREBBP	ENSG00000005339	ENST00000573517	protein_coding	0	0	0	1	0	0	0	0	0	1	0	0	0
CRTAC1	ENSG00000095713	ENST00000298819	protein_coding	0	0	0	1	0	0	0	0	0	0	0	0	1
CRTAC1	ENSG00000095713	ENST00000370591	protein_coding	0	0	0	1	0	0	0	0	0	0	0	0	1
CRTAC1	ENSG00000095713	ENST00000370597	protein_coding	0	0	0	1	0	0	0	0	0	0	0	0	1
CSH2	ENSG00000213218	ENST00000336844	protein_coding	0	0	0	2	0	0	0	1	0	0	0	0	1
CSH2	ENSG00000213218	ENST00000345366	protein_coding	0	0	0	2	0	0	0	1	0	0	0	0	1
CSH2	ENSG00000213218	ENST00000392886	protein_coding	0	0	0	2	0	0	0	1	0	0	0	0	1
CSH2	ENSG00000213218	ENST00000560142	protein_coding	0	0	0	2	0	0	0	1	0	0	0	0	1
CSHL1	ENSG00000204414	ENST00000259003	protein_coding	0	0	0	3	1	0	0	2	0	0	0	0	0
CSHL1	ENSG00000204414	ENST00000309894	protein_coding	0	0	0	3	0	0	0	3	0	0	0	0	0
CSHL1	ENSG00000204414	ENST00000346606	protein_coding	0	0	0	3	1	0	0	2	0	0	0	0	0
CSHL1	ENSG00000204414	ENST00000392824	protein_coding	0	0	0	4	0	0	0	3	0	1	0	0	0
CSHL1	ENSG00000204414	ENST00000438387	protein_coding	0	0	0	3	1	0	0	2	0	0	0	0	0
CSHL1	ENSG00000204414	ENST00000450719	protein_coding	0	0	0	3	1	0	0	2	0	0	0	0	0
CSHL1	ENSG00000204414	ENST00000561003	protein_coding	0	0	0	3	1	0	0	2	0	0	0	0	0
CTNNB1	ENSG00000168036	ENST00000349496	protein_coding	0	0	0	1	0	0	0	0	0	0	0	0	1
CTNNB1	ENSG00000168036	ENST00000396183	protein_coding	0	0	0	1	0	0	0	0	0	0	0	0	1
CTNNB1	ENSG00000168036	ENST00000396185	protein_coding	0	0	0	1	0	0	0	0	0	0	0	0	1
CTNNB1	ENSG00000168036	ENST00000405570	protein_coding	0	0	0	1	0	0	0	0	0	1	0	0	0
CTNNB1	ENSG00000168036	ENST00000426215	protein_coding	0	0	0	1	0	0	0	0	0	1	0	0	0
CTNNB1	ENSG00000168036	ENST00000431914	protein_coding	0	0	0	1	0	0	0	0	0	0	0	0	1
CTNNB1	ENSG00000168036	ENST00000433400	protein_coding	0	0	0	1	0	0	0	0	0	1	0	0	0
CTNNB1	ENSG00000168036	ENST00000450969	protein_coding	0	0	0	1	0	0	0	0	0	0	0	0	1
CTNNB1	ENSG00000168036	ENST00000453024	protein_coding	0	0	0	1	0	0	0	0	0	0	0	0	1
CXorf36	ENSG00000147113	ENST00000377934	protein_coding	0	0	0	3	0	0	0	0	0	3	0	0	0
CXorf36	ENSG00000147113	ENST00000398000	protein_coding	0	0	0	3	0	0	0	0	0	3	0	0	0
CYP26C1	ENSG00000187553	ENST00000285949	protein_coding	0	0	0	1	0	0	0	0	0	0	0	0	1
CYSLTR1	ENSG00000173198	ENST00000373304	protein_coding	0	0	0	1	0	0	0	0	0	1	0	0	0
DBF4	ENSG00000006634	ENST00000265728	protein_coding	1	0	0	0	0	0	0	0	1	0	0	0	0
DBH	ENSG00000123454	ENST00000263611	protein_coding	0	0	0	4	0	0	0	0	0	2	0	0	2
DBH	ENSG00000123454	ENST00000393056	protein_coding	0	0	0	7	0	0	0	0	0	5	0	0	2
DCAKD	ENSG00000172992	ENST00000342350	protein_coding	0	0	0	1	0	0	0	0	0	1	0	0	0
DCAKD	ENSG00000172992	ENST00000452796	protein_coding	0	0	0	1	0	0	0	0	0	1	0	0	0
DCAKD	ENSG00000172992	ENST00000588499	protein_coding	0	0	0	1	0	0	0	0	0	1	0	0	0
DCAKD	ENSG00000172992	ENST00000593094	protein_coding	0	0	0	1	0	0	0	0	0	1	0	0	0
DCC	ENSG00000187323	ENST00000442544	protein_coding	0	0	0	1	0	0	0	0	0	1	0	0	0
DCC	ENSG00000187323	ENST00000581580	protein_coding	0	0	0	1	0	0	0	0	0	1	0	0	0
DCTN4	ENSG00000132912	ENST00000424236	protein_coding	0	0	0	1	0	0	0	0	0	1	0	0	0
DCTN4	ENSG00000132912	ENST00000446090	protein_coding	0	0	0	1	0	0	0	0	0	1	0	0	0
DCTN4	ENSG00000132912	ENST00000447998	protein_coding	0	0	0	1	0	0	0	0	0	1	0	0	0
DCTN4	ENSG00000132912	ENST00000518015	protein_coding	0	0	0	1	0	0	0	0	0	1	0	0	0
DCTN4	ENSG00000132912	ENST00000521533	protein_coding	0	0	0	1	0	0	0	0	0	1	0	0	0
DCTN4	ENSG00000132912	ENST00000521728	protein_coding	0	0	0	1	0	0	0	0	0	0	0	0	1
DCTN6	ENSG00000104671	ENST00000221114	protein_coding	0	0	0	1	0	0	0	0	0	1	0	0	0
DCTN6	ENSG00000104671	ENST00000520829	protein_coding	0	0	0	1	0	0	0	0	0	1	0	0	0
DDR2	ENSG00000162733	ENST00000367922	protein_coding	0	0	0	1	1	0	0	0	0	0	0	0	0
DHX57	ENSG00000163214	ENST00000295373	protein_coding	0	0	0	2	0	0	0	0	0	2	0	0	0
DHX57	ENSG00000163214	ENST00000452978	protein_coding	0	0	0	2	0	0	0	0	0	2	0	0	0
DLEC1	ENSG00000008226	ENST00000308059	protein_coding	0	0	0	1	0	0	0	0	0	1	0	0	0
DLEC1	ENSG00000008226	ENST00000346219	protein_coding	0	0	0	1	0	0	0	0	0	1	0	0	0
DLEC1	ENSG00000008226	ENST00000452631	protein_coding	0	0	0	1	0	0	0	0	0	1	0	0	0
DNASE1	ENSG00000213918	ENST00000575479	protein_coding	0	0	0	2	0	0	0	0	0	2	0	0	0
DPYD	ENSG00000188641	ENST00000370192	protein_coding	0	0	0	1	0	0	0	0	0	1	0	0	0
DSCAM	ENSG00000171587	ENST00000400454	protein_coding	0	0	0	15	0	0	0	0	0	15	0	0	0
DSCAM	ENSG00000171587	ENST00000404019	protein_coding	0	0	0	15	0	0	0	0	0	15	0	0	0
EGFR	ENSG00000146648	ENST00000275493	protein_coding	0	0	0	5	0	0	0	0	0	5	0	0	0
EGFR	ENSG00000146648	ENST00000342916	protein_coding	0	0	0	5	0	0	0	0	0	5	0	0	0
EGFR	ENSG00000146648	ENST00000344576	protein_coding	0	0	0	5	0	0	0	0	0	5	0	0	0
EGFR	ENSG00000146648	ENST00000420316	protein_coding	0	0	0	5	0	0	0	0	0	5	0	0	0
EGFR	ENSG00000146648	ENST00000442591	protein_coding	0	0	0	5	0	0	0	0	0	5	0	0	0
EGFR	ENSG00000146648	ENST00000450046	protein_coding	0	0	0	1	0	0	0	0	0	1	0	0	0
EGFR	ENSG00000146648	ENST00000454757	protein_coding	0	0	0	1	0	0	0	0	0	1	0	0	0
EGFR	ENSG00000146648	ENST00000455089	protein_coding	0	0	0	5	0	0	0	0	0	5	0	0	0
EIF2B5	ENSG00000145191	ENST00000444495	protein_coding	0	0	0	1	0	0	0	0	0	1	0	0	0
EPHB3	ENSG00000182580	ENST00000330394	protein_coding	0	0	0	1	1	0	0	0	0	0	0	0	0
ERP29	ENSG00000089248	ENST00000261735	protein_coding	0	0	0	1	0	0	0	0	0	1	0	0	0
ERP29	ENSG00000089248	ENST00000455836	protein_coding	0	0	0	1	0	0	0	0	0	1	0	0	0
ERP29	ENSG00000089248	ENST00000546477	protein_coding	0	0	0	1	0	0	0	0	0	0	0	0	1
ERP29	ENSG00000089248	ENST00000552052	protein_coding	0	0	0	1	0	0	0	0	0	1	0	0	0
EXD1	ENSG00000178997	ENST00000314992	protein_coding	0	0	0	2	0	0	0	0	0	2	0	0	0
EXD1	ENSG00000178997	ENST00000458580	protein_coding	0	0	0	2	0	0	0	0	0	2	0	0	0
EXD1	ENSG00000178997	ENST00000558396	protein_coding	0	0	0	2	0	0	0	2	0	0	0	0	0
EXOC6	ENSG00000138190	ENST00000260762	protein_coding	0	0	0	1	0	0	0	1	0	0	0	0	0
EXOC6	ENSG00000138190	ENST00000371547	protein_coding	0	0	0	1	0	0	0	1	0	0	0	0	0
EXOC6	ENSG00000138190	ENST00000371552	protein_coding	0	0	0	1	0	0	0	1	0	0	0	0	0
EXOC6	ENSG00000138190	ENST00000443748	protein_coding	0	0	0	1	0	0	0	1	0	0	0	0	0
EXOSC10	ENSG00000171824	ENST00000304457	protein_coding	0	0	0	2	0	0	0	1	0	1	0	0	0
EXOSC10	ENSG00000171824	ENST00000376936	protein_coding	0	0	0	2	0	0	0	1	0	1	0	0	0
EXOSC10	ENSG00000171824	ENST00000544779	protein_coding	0	0	0	2	0	0	0	1	0	1	0	0	0
FAM160A1	ENSG00000164142	ENST00000435205	protein_coding	0	0	0	2	0	0	0	0	0	1	0	0	1
FAM160A1	ENSG00000164142	ENST00000503146	protein_coding	0	0	0	2	0	0	0	0	0	1	0	0	1
FAM160A1	ENSG00000164142	ENST00000513086	protein_coding	0	0	0	2	0	0	0	0	0	1	0	0	1
FAM179A	ENSG00000189350	ENST00000379558	protein_coding	0	0	0	7	0	0	0	0	0	7	0	0	0
FAM179A	ENSG00000189350	ENST00000401723	protein_coding	0	0	0	8	0	0	0	0	0	8	0	0	0
FAM179A	ENSG00000189350	ENST00000403861	protein_coding	0	0	0	7	0	0	0	0	0	7	0	0	0
FAM179A	ENSG00000189350	ENST00000420297	protein_coding	0	0	0	5	0	0	0	4	0	1	0	0	0
FANCD2	ENSG00000144554	ENST00000383806	protein_coding	0	0	0	2	0	0	0	2	0	0	0	0	0
FANCD2	ENSG00000144554	ENST00000383807	protein_coding	0	0	0	2	0	0	0	2	0	0	0	0	0
FANCD2	ENSG00000144554	ENST00000419585	protein_coding	0	0	0	2	0	0	0	2	0	0	0	0	0
FANCD2OS	ENSG00000163705	ENST00000450660	protein_coding	0	0	0	2	0	0	0	0	0	2	0	0	0
FANCD2OS	ENSG00000163705	ENST00000453223	protein_coding	0	0	0	2	0	0	0	0	0	0	0	0	2
FANCD2OS	ENSG00000163705	ENST00000524279	protein_coding	0	0	0	2	0	0	0	0	0	2	0	0	0
FBXW11	ENSG00000072803	ENST00000265094	protein_coding	0	0	0	1	0	0	0	0	0	1	0	0	0
FBXW11	ENSG00000072803	ENST00000296933	protein_coding	0	0	0	1	0	0	0	0	0	1	0	0	0
FBXW11	ENSG00000072803	ENST00000393802	protein_coding	0	0	0	1	0	0	0	0	0	1	0	0	0
FBXW11	ENSG00000072803	ENST00000425623	protein_coding	0	0	0	1	0	0	0	0	0	1	0	0	0
FBXW11	ENSG00000072803	ENST00000517395	protein_coding	0	0	0	1	0	0	0	0	0	1	0	0	0
FBXW11	ENSG00000072803	ENST00000518752	protein_coding	0	0	0	1	0	0	0	0	0	1	0	0	0
FGFR3	ENSG00000068078	ENST00000260795	protein_coding	0	0	1	1	0	0	1	0	0	1	0	0	0
FGFR3	ENSG00000068078	ENST00000340107	protein_coding	0	0	0	2	0	0	0	0	0	2	0	0	0
FGFR3	ENSG00000068078	ENST00000352904	protein_coding	0	0	0	2	0	0	0	0	0	2	0	0	0
FGFR3	ENSG00000068078	ENST00000412135	protein_coding	0	0	0	2	0	0	0	0	0	2	0	0	0
FGFR3	ENSG00000068078	ENST00000440486	protein_coding	0	0	1	1	0	0	1	0	0	1	0	0	0
FGFR3	ENSG00000068078	ENST00000481110	protein_coding	0	0	1	1	0	0	1	0	0	1	0	0	0
FGFR3	ENSG00000068078	ENST00000507588	protein_coding	0	0	0	2	0	0	0	1	0	1	0	0	0
FIP1L1	ENSG00000145216	ENST00000306932	protein_coding	0	0	0	2	0	0	0	0	0	2	0	0	0
FIP1L1	ENSG00000145216	ENST00000337488	protein_coding	0	0	0	2	0	0	0	0	0	2	0	0	0
FIP1L1	ENSG00000145216	ENST00000358575	protein_coding	0	0	0	2	0	0	0	0	0	2	0	0	0
FIP1L1	ENSG00000145216	ENST00000504094	protein_coding	0	0	0	1	0	0	0	0	0	0	0	0	1
FIP1L1	ENSG00000145216	ENST00000507166	protein_coding	0	0	0	7	0	0	0	0	0	7	0	0	0
FIP1L1	ENSG00000145216	ENST00000507922	protein_coding	0	0	0	2	0	0	0	0	0	2	0	0	0
GEMIN6	ENSG00000152147	ENST00000409011	protein_coding	0	0	0	3	0	0	0	0	0	3	0	0	0
GH1	ENSG00000259384	ENST00000323322	protein_coding	1	0	0	0	0	0	0	0	1	0	0	0	0
GH1	ENSG00000259384	ENST00000342364	protein_coding	0	0	0	1	0	0	0	0	0	1	0	0	0
GH1	ENSG00000259384	ENST00000351388	protein_coding	1	0	0	0	0	0	0	0	1	0	0	0	0
GH1	ENSG00000259384	ENST00000458650	protein_coding	1	0	0	0	0	0	0	0	1	0	0	0	0
GH2	ENSG00000136487	ENST00000332800	protein_coding	0	0	0	2	0	0	0	1	0	0	0	0	1
GH2	ENSG00000136487	ENST00000423893	protein_coding	0	0	0	2	0	0	0	1	0	0	0	0	1
GH2	ENSG00000136487	ENST00000449787	protein_coding	0	0	0	2	0	0	0	1	0	0	0	0	1
GH2	ENSG00000136487	ENST00000456543	protein_coding	0	0	0	2	0	0	0	1	0	0	0	0	1
GRID1	ENSG00000182771	ENST00000327946	protein_coding	0	0	0	2	0	0	0	0	0	2	0	0	0
GTF3A	ENSG00000122034	ENST00000381140	protein_coding	0	0	0	1	0	0	0	0	0	1	0	0	0
GTF3A	ENSG00000122034	ENST00000439403	protein_coding	0	0	0	1	0	0	0	0	0	1	0	0	0
HIC2	ENSG00000169635	ENST00000407464	protein_coding	0	0	0	1	0	0	0	1	0	0	0	0	0
HIC2	ENSG00000169635	ENST00000407598	protein_coding	0	0	0	1	0	0	0	1	0	0	0	0	0
HIC2	ENSG00000169635	ENST00000443632	protein_coding	0	0	0	1	0	0	0	1	0	0	0	0	0
HSD17B7	ENSG00000132196	ENST00000254521	protein_coding	0	0	0	3	0	0	0	0	0	3	0	0	0
HSD17B7	ENSG00000132196	ENST00000367913	protein_coding	0	0	0	2	0	0	0	1	0	1	0	0	0
HSD17B7	ENSG00000132196	ENST00000367915	protein_coding	0	0	0	1	0	0	0	1	0	0	0	0	0
HSD17B7	ENSG00000132196	ENST00000367917	protein_coding	0	0	0	3	0	0	0	0	0	3	0	0	0
IFNGR2	ENSG00000159128	ENST00000290219	protein_coding	0	0	0	1	0	0	0	0	0	1	0	0	0
IFNGR2	ENSG00000159128	ENST00000381995	protein_coding	0	0	0	1	0	0	0	0	0	1	0	0	0
IFNGR2	ENSG00000159128	ENST00000405436	protein_coding	0	0	0	1	0	0	0	0	0	1	0	0	0
IKZF1	ENSG00000185811	ENST00000331340	protein_coding	0	0	0	1	0	0	0	0	0	1	0	0	0
IKZF1	ENSG00000185811	ENST00000343574	protein_coding	0	0	0	1	0	0	0	0	0	1	0	0	0
IKZF1	ENSG00000185811	ENST00000346667	protein_coding	0	0	0	1	0	0	0	0	0	1	0	0	0
IKZF1	ENSG00000185811	ENST00000349824	protein_coding	0	0	0	1	0	0	0	0	0	1	0	0	0
IKZF1	ENSG00000185811	ENST00000357364	protein_coding	0	0	0	1	0	0	0	0	0	1	0	0	0
IKZF1	ENSG00000185811	ENST00000359197	protein_coding	0	0	0	1	0	0	0	0	0	1	0	0	0
IKZF1	ENSG00000185811	ENST00000413698	protein_coding	0	0	0	1	0	0	0	0	0	1	0	0	0
IKZF1	ENSG00000185811	ENST00000426121	protein_coding	0	0	0	1	0	0	0	0	0	1	0	0	0
IKZF1	ENSG00000185811	ENST00000438033	protein_coding	0	0	0	1	0	0	0	0	0	1	0	0	0
IKZF1	ENSG00000185811	ENST00000439701	protein_coding	0	0	0	1	0	0	0	0	0	1	0	0	0
IKZF1	ENSG00000185811	ENST00000440768	protein_coding	0	0	0	1	0	0	0	0	0	1	0	0	0
INPP5F	ENSG00000198825	ENST00000361976	protein_coding	0	0	0	5	0	0	0	0	0	1	0	0	4
INPP5F	ENSG00000198825	ENST00000369083	protein_coding	0	0	0	5	0	0	0	0	0	1	0	0	4
ITGA7	ENSG00000135424	ENST00000257879	protein_coding	0	0	0	2	0	0	0	0	0	2	0	0	0
ITGA7	ENSG00000135424	ENST00000257880	protein_coding	1	0	0	1	0	0	0	0	1	1	0	0	0
ITGA7	ENSG00000135424	ENST00000347027	protein_coding	0	0	0	2	0	0	0	0	0	2	0	0	0
ITGA7	ENSG00000135424	ENST00000394229	protein_coding	0	0	0	2	0	0	0	0	0	2	0	0	0
ITGA7	ENSG00000135424	ENST00000394230	protein_coding	1	0	0	1	0	0	0	0	1	1	0	0	0
ITGA7	ENSG00000135424	ENST00000452168	protein_coding	1	0	0	1	0	0	0	0	1	1	0	0	0
ITGA7	ENSG00000135424	ENST00000553804	protein_coding	1	0	0	1	0	0	0	0	1	1	0	0	0
ITGA7	ENSG00000135424	ENST00000555728	protein_coding	1	0	0	1	0	0	0	0	1	1	0	0	0
ITGA7	ENSG00000135424	ENST00000557257	protein_coding	0	0	0	1	0	0	0	0	0	1	0	0	0
ITGA7	ENSG00000135424	ENST00000557555	protein_coding	0	0	0	1	0	0	0	0	0	0	0	0	1
ITSN1	ENSG00000205726	ENST00000381285	protein_coding	0	0	0	1	0	0	0	0	0	1	0	0	0
ITSN1	ENSG00000205726	ENST00000381291	protein_coding	0	0	0	1	0	0	0	0	0	1	0	0	0
ITSN1	ENSG00000205726	ENST00000381318	protein_coding	0	0	0	1	0	0	0	0	0	1	0	0	0
ITSN1	ENSG00000205726	ENST00000399349	protein_coding	0	0	0	1	0	0	0	0	0	1	0	0	0
ITSN1	ENSG00000205726	ENST00000399352	protein_coding	0	0	0	1	0	0	0	0	0	1	0	0	0
ITSN1	ENSG00000205726	ENST00000399353	protein_coding	0	0	0	1	0	0	0	0	0	1	0	0	0
ITSN1	ENSG00000205726	ENST00000399355	protein_coding	0	0	0	1	0	0	0	0	0	1	0	0	0
ITSN1	ENSG00000205726	ENST00000399367	protein_coding	0	0	0	1	0	0	0	0	0	1	0	0	0
ITSN1	ENSG00000205726	ENST00000444491	protein_coding	0	0	0	1	0	0	0	0	0	1	0	0	0
ITSN1	ENSG00000205726	ENST00000451686	protein_coding	0	0	0	1	0	0	0	0	0	1	0	0	0
KDELC2	ENSG00000178202	ENST00000323468	protein_coding	0	0	0	1	0	0	0	0	0	1	0	0	0
KDELC2	ENSG00000178202	ENST00000375648	protein_coding	0	0	0	1	0	0	0	0	0	0	0	0	1
KDELC2	ENSG00000178202	ENST00000434945	protein_coding	0	0	0	1	0	0	0	0	0	0	0	0	1
KDM6A	ENSG00000147050	ENST00000377967	protein_coding	0	0	0	3	0	0	0	1	0	2	0	0	0
KDM6A	ENSG00000147050	ENST00000382899	protein_coding	0	0	0	3	0	0	0	1	0	2	0	0	0
KDM6A	ENSG00000147050	ENST00000414389	protein_coding	0	0	0	1	0	0	0	1	0	0	0	0	0
KDM6A	ENSG00000147050	ENST00000431196	protein_coding	0	0	0	1	0	0	0	1	0	0	0	0	0
KDM6A	ENSG00000147050	ENST00000433797	protein_coding	0	0	0	1	0	0	0	1	0	0	0	0	0
KDM6A	ENSG00000147050	ENST00000536777	protein_coding	0	0	0	3	0	0	0	1	0	2	0	0	0
KDM6A	ENSG00000147050	ENST00000543216	protein_coding	0	0	0	3	0	0	0	1	0	2	0	0	0
LAMA2	ENSG00000196569	ENST00000421865	protein_coding	0	0	0	6	0	0	0	0	0	6	0	0	0
LRMP	ENSG00000118308	ENST00000354454	protein_coding	0	0	0	1	0	0	0	0	0	1	0	0	0
LRMP	ENSG00000118308	ENST00000536173	protein_coding	0	0	0	1	0	0	0	0	0	1	0	0	0
LRMP	ENSG00000118308	ENST00000547044	protein_coding	0	0	0	1	0	0	0	0	0	1	0	0	0
LRMP	ENSG00000118308	ENST00000548766	protein_coding	0	0	0	1	0	0	0	0	0	1	0	0	0
LRMP	ENSG00000118308	ENST00000550945	protein_coding	0	0	0	1	0	0	0	1	0	0	0	0	0
LRMP	ENSG00000118308	ENST00000555885	protein_coding	0	0	0	1	0	0	0	1	0	0	0	0	0
LRMP	ENSG00000118308	ENST00000557489	protein_coding	0	0	0	1	0	0	0	1	0	0	0	0	0
LST3	ENSG00000257046	ENST00000381541	protein_coding	0	0	0	2	0	0	0	0	0	2	0	0	0
LST3	ENSG00000257046	ENST00000540229	protein_coding	0	0	0	2	0	0	0	0	0	2	0	0	0
MAP1S	ENSG00000130479	ENST00000324096	protein_coding	0	0	0	3	0	0	0	0	0	3	0	0	0
MAP1S	ENSG00000130479	ENST00000544059	protein_coding	0	0	0	3	0	0	0	0	0	3	0	0	0
MAP1S	ENSG00000130479	ENST00000594625	protein_coding	0	0	0	3	0	0	0	2	0	1	0	0	0
MAP1S	ENSG00000130479	ENST00000597000	protein_coding	0	0	0	3	0	0	0	0	0	2	0	0	1
MAP1S	ENSG00000130479	ENST00000597735	protein_coding	0	0	0	3	0	0	0	0	0	3	0	0	0
MAP1S	ENSG00000130479	ENST00000600186	protein_coding	0	0	0	3	0	0	0	2	0	1	0	0	0
MCC	ENSG00000171444	ENST00000408903	protein_coding	0	0	0	3	0	0	0	0	0	3	0	0	0
MLH1	ENSG00000076242	ENST00000231790	protein_coding	0	0	0	1	0	0	0	0	0	1	0	0	0
MLH1	ENSG00000076242	ENST00000429117	protein_coding	0	0	0	1	0	0	0	0	0	1	0	0	0
MLH1	ENSG00000076242	ENST00000435176	protein_coding	0	0	0	1	0	0	0	0	0	1	0	0	0
MLH1	ENSG00000076242	ENST00000441265	protein_coding	0	0	0	1	0	0	0	0	0	1	0	0	0
MLH1	ENSG00000076242	ENST00000455445	protein_coding	0	0	0	1	0	0	0	0	0	1	0	0	0
MLH1	ENSG00000076242	ENST00000456676	protein_coding	0	0	0	1	0	0	0	0	0	1	0	0	0
MLH1	ENSG00000076242	ENST00000458205	protein_coding	0	0	0	1	0	0	0	0	0	1	0	0	0
MLH1	ENSG00000076242	ENST00000536378	protein_coding	0	0	0	1	0	0	0	0	0	1	0	0	0
MLH1	ENSG00000076242	ENST00000539477	protein_coding	0	0	0	1	0	0	0	0	0	1	0	0	0
MRPL4	ENSG00000105364	ENST00000253099	protein_coding	0	0	0	1	0	0	0	0	0	0	0	0	1
MRPL4	ENSG00000105364	ENST00000307422	protein_coding	0	0	0	1	0	0	0	0	0	0	0	0	1
MRPL4	ENSG00000105364	ENST00000393733	protein_coding	0	0	0	1	0	0	0	0	0	0	0	0	1
MRPL4	ENSG00000105364	ENST00000588502	protein_coding	0	0	0	1	0	0	0	0	0	0	0	0	1
MRPL4	ENSG00000105364	ENST00000590150	protein_coding	0	0	0	1	0	0	0	0	0	0	0	0	1
MRPL4	ENSG00000105364	ENST00000590669	protein_coding	0	0	0	1	0	0	0	0	0	0	0	0	1
MRPL4	ENSG00000105364	ENST00000590702	protein_coding	0	0	0	1	0	0	0	0	0	0	0	0	1
MRPL4	ENSG00000105364	ENST00000592514	protein_coding	0	0	0	1	0	0	0	0	0	0	0	0	1
MTIF3	ENSG00000122033	ENST00000381116	protein_coding	0	0	0	1	0	0	0	0	0	1	0	0	0
MTIF3	ENSG00000122033	ENST00000381120	protein_coding	0	0	0	1	0	0	0	0	0	1	0	0	0
MTIF3	ENSG00000122033	ENST00000405591	protein_coding	0	0	0	1	0	0	0	0	0	1	0	0	0
MTIF3	ENSG00000122033	ENST00000431572	protein_coding	0	0	0	1	0	0	0	0	0	1	0	0	0
MTOR	ENSG00000198793	ENST00000361445	protein_coding	0	0	0	3	0	0	0	0	0	3	0	0	0
NAA25	ENSG00000111300	ENST00000261745	protein_coding	0	0	0	1	0	0	0	0	0	1	0	0	0
NGEF	ENSG00000066248	ENST00000264051	protein_coding	0	0	0	1	0	0	0	0	0	1	0	0	0
NGEF	ENSG00000066248	ENST00000373552	protein_coding	0	0	0	1	0	0	0	0	0	1	0	0	0
NGEF	ENSG00000066248	ENST00000409079	protein_coding	0	0	0	1	0	0	0	0	0	1	0	0	0
NGEF	ENSG00000066248	ENST00000416114	protein_coding	0	0	0	1	0	0	0	0	0	0	0	0	1
NGEF	ENSG00000066248	ENST00000420650	protein_coding	0	0	0	1	0	0	0	0	0	1	0	0	0
NGEF	ENSG00000066248	ENST00000458735	protein_coding	0	0	0	1	0	0	0	0	0	0	0	0	1
NGEF	ENSG00000066248	ENST00000539537	protein_coding	0	0	0	1	0	0	0	0	0	0	0	0	1
NHSL2	ENSG00000204131	ENST00000540800	protein_coding	0	0	0	11	0	0	0	0	0	11	0	0	0
NUCKS1	ENSG00000069275	ENST00000367142	protein_coding	0	0	0	5	0	0	0	5	0	0	0	0	0
NYX	ENSG00000188937	ENST00000342595	protein_coding	0	0	0	1	1	0	0	0	0	0	0	0	0
NYX	ENSG00000188937	ENST00000378220	protein_coding	0	0	0	1	1	0	0	0	0	0	0	0	0
PDAP1	ENSG00000106244	ENST00000350498	protein_coding	0	0	0	1	0	0	0	0	0	0	0	0	1
PDGFRA	ENSG00000134853	ENST00000257290	protein_coding	0	0	0	2	0	0	0	0	0	2	0	0	0
PDGFRA	ENSG00000134853	ENST00000503856	protein_coding	0	0	0	2	0	0	0	0	0	2	0	0	0
PDGFRA	ENSG00000134853	ENST00000504461	protein_coding	0	0	0	2	0	0	0	0	0	2	0	0	0
PDGFRA	ENSG00000134853	ENST00000508170	protein_coding	0	0	0	2	0	0	0	0	0	2	0	0	0
PDGFRA	ENSG00000134853	ENST00000512143	protein_coding	0	0	0	2	0	0	0	0	0	2	0	0	0
PDGFRA	ENSG00000134853	ENST00000512522	protein_coding	0	0	0	2	0	0	0	0	0	2	0	0	0
PHLDB1	ENSG00000019144	ENST00000356063	protein_coding	1	0	0	7	0	0	0	0	1	7	0	0	0
PHLDB1	ENSG00000019144	ENST00000361417	protein_coding	1	0	0	7	0	0	0	0	1	7	0	0	0
POMT1	ENSG00000130714	ENST00000341012	protein_coding	0	0	0	1	0	0	0	1	0	0	0	0	0
POMT1	ENSG00000130714	ENST00000354713	protein_coding	0	0	0	1	0	0	0	1	0	0	0	0	0
POMT1	ENSG00000130714	ENST00000372220	protein_coding	0	0	0	1	0	0	0	1	0	0	0	0	0
POMT1	ENSG00000130714	ENST00000372228	protein_coding	0	0	0	1	0	0	0	1	0	0	0	0	0
POMT1	ENSG00000130714	ENST00000402686	protein_coding	0	0	0	1	0	0	0	1	0	0	0	0	0
POMT1	ENSG00000130714	ENST00000404875	protein_coding	0	0	0	1	0	0	0	1	0	0	0	0	0
POMT1	ENSG00000130714	ENST00000419118	protein_coding	0	0	0	1	0	0	0	1	0	0	0	0	0
POMT1	ENSG00000130714	ENST00000423007	protein_coding	0	0	0	1	0	0	0	1	0	0	0	0	0
POMT1	ENSG00000130714	ENST00000541219	protein_coding	0	0	0	1	0	0	0	1	0	0	0	0	0
PRDM6	ENSG00000061455	ENST00000407847	protein_coding	0	0	0	1	0	0	0	0	0	1	0	0	0
PTBP2	ENSG00000117569	ENST00000370197	protein_coding	0	0	0	1	0	0	0	0	0	1	0	0	0
PTBP2	ENSG00000117569	ENST00000370198	protein_coding	0	0	0	1	0	0	0	0	0	1	0	0	0
PTBP2	ENSG00000117569	ENST00000394184	protein_coding	0	0	0	1	0	0	0	0	0	1	0	0	0
PTBP2	ENSG00000117569	ENST00000426398	protein_coding	0	0	0	1	0	0	0	0	0	1	0	0	0
PTBP2	ENSG00000117569	ENST00000541987	protein_coding	0	0	0	1	0	0	0	0	0	1	0	0	0
PTBP2	ENSG00000117569	ENST00000609116	protein_coding	0	0	0	1	0	0	0	0	0	1	0	0	0
RARB	ENSG00000077092	ENST00000330688	protein_coding	0	0	0	2	0	0	0	0	0	2	0	0	0
RARB	ENSG00000077092	ENST00000383772	protein_coding	0	0	0	2	0	0	0	0	0	2	0	0	0
RARB	ENSG00000077092	ENST00000404969	protein_coding	0	0	0	2	0	0	0	0	0	2	0	0	0
RARB	ENSG00000077092	ENST00000437042	protein_coding	0	0	0	2	0	0	0	0	0	2	0	0	0
RARB	ENSG00000077092	ENST00000458646	protein_coding	0	0	0	2	0	0	0	0	0	2	0	0	0
RBM22	ENSG00000086589	ENST00000199814	protein_coding	0	0	0	1	1	0	0	0	0	0	0	0	0
RBM22	ENSG00000086589	ENST00000447771	protein_coding	0	0	0	1	0	0	0	1	0	0	0	0	0
RBM22	ENSG00000086589	ENST00000518917	protein_coding	0	0	0	1	0	0	0	1	0	0	0	0	0
RBM22	ENSG00000086589	ENST00000540000	protein_coding	0	0	0	1	1	0	0	0	0	0	0	0	0
RIPPLY3	ENSG00000183145	ENST00000329553	protein_coding	0	0	0	3	1	0	0	0	0	2	0	0	0
RNF150	ENSG00000170153	ENST00000420921	protein_coding	0	0	0	1	0	0	0	0	0	1	0	0	0
RXFP2	ENSG00000133105	ENST00000298386	protein_coding	0	0	0	3	0	0	0	0	0	3	0	0	0
RXFP2	ENSG00000133105	ENST00000380314	protein_coding	0	0	0	3	0	0	0	0	0	3	0	0	0
RXRG	ENSG00000143171	ENST00000359842	protein_coding	0	0	0	1	0	0	0	0	0	1	0	0	0
SCN4A	ENSG00000007314	ENST00000435607	protein_coding	0	0	0	1	0	0	0	0	0	1	0	0	0
SCN4A	ENSG00000007314	ENST00000578147	protein_coding	0	0	0	1	0	0	0	0	0	1	0	0	0
SFTA2	ENSG00000196260	ENST00000359086	protein_coding	0	0	0	1	0	0	0	1	0	0	0	0	0
SLC25A25	ENSG00000148339	ENST00000373064	protein_coding	0	0	0	1	0	0	0	1	0	0	0	0	0
SLC25A25	ENSG00000148339	ENST00000373066	protein_coding	0	0	0	1	0	0	0	1	0	0	0	0	0
SLC25A25	ENSG00000148339	ENST00000373068	protein_coding	0	0	0	1	0	0	0	1	0	0	0	0	0
SLC25A25	ENSG00000148339	ENST00000373069	protein_coding	0	0	0	1	0	0	0	1	0	0	0	0	0
SLC25A25	ENSG00000148339	ENST00000432073	protein_coding	0	0	0	1	0	0	0	1	0	0	0	0	0
SLC25A25	ENSG00000148339	ENST00000433501	protein_coding	0	0	0	1	0	0	0	1	0	0	0	0	0
SLC25A25	ENSG00000148339	ENST00000466983	protein_coding	0	0	0	1	0	0	0	1	0	0	0	0	0
SLCO1B3	ENSG00000111700	ENST00000553473	protein_coding	0	0	0	2	0	0	0	0	0	2	0	0	0
SLCO1B7	ENSG00000205754	ENST00000421593	protein_coding	0	0	0	2	0	0	0	0	0	2	0	0	0
SLCO1B7	ENSG00000205754	ENST00000545916	protein_coding	0	0	0	2	0	0	0	0	0	0	0	0	2
SLCO1B7	ENSG00000205754	ENST00000554957	protein_coding	0	0	0	2	0	0	0	0	0	2	0	0	0
SOD2	ENSG00000112096	ENST00000537657	protein_coding	0	0	0	1	0	0	0	0	0	1	0	0	0
SOD2	ENSG00000112096	ENST00000546087	protein_coding	0	0	0	1	0	0	0	0	0	1	0	0	0
SP110	ENSG00000135899	ENST00000258381	protein_coding	0	0	0	1	0	0	0	0	0	1	0	0	0
SP110	ENSG00000135899	ENST00000258382	protein_coding	0	0	0	1	0	0	0	0	0	1	0	0	0
SP110	ENSG00000135899	ENST00000338556	protein_coding	0	0	0	1	0	0	0	0	0	1	0	0	0
SP110	ENSG00000135899	ENST00000358662	protein_coding	0	0	0	1	0	0	0	0	0	1	0	0	0
SP110	ENSG00000135899	ENST00000392048	protein_coding	0	0	0	1	0	0	0	0	0	1	0	0	0
SP110	ENSG00000135899	ENST00000540870	protein_coding	0	0	0	1	0	0	0	0	0	1	0	0	0
SRM	ENSG00000116649	ENST00000376957	protein_coding	0	0	0	2	0	0	0	0	0	1	0	0	1
SRM	ENSG00000116649	ENST00000465788	protein_coding	0	0	0	2	0	0	0	0	0	1	0	0	1
SRM	ENSG00000116649	ENST00000487300	protein_coding	0	0	0	2	0	0	0	0	0	1	0	0	1
SRM	ENSG00000116649	ENST00000490101	protein_coding	0	0	0	1	0	0	0	0	0	0	0	0	1
STK11	ENSG00000118046	ENST00000326873	protein_coding	0	0	1	0	0	0	0	0	0	0	1	0	0
STK11	ENSG00000118046	ENST00000585851	protein_coding	0	0	1	0	0	0	0	0	0	0	1	0	0
SVEP1	ENSG00000165124	ENST00000302728	protein_coding	0	0	0	1	0	0	0	0	0	1	0	0	0
SVEP1	ENSG00000165124	ENST00000374461	protein_coding	0	0	0	1	0	0	0	0	0	1	0	0	0
SVEP1	ENSG00000165124	ENST00000374469	protein_coding	0	0	0	1	0	0	0	0	0	1	0	0	0
SVEP1	ENSG00000165124	ENST00000401783	protein_coding	0	0	0	1	0	0	0	0	0	1	0	0	0
TDRD12	ENSG00000173809	ENST00000444215	protein_coding	0	0	0	1	0	0	0	0	0	1	0	0	0
THY1	ENSG00000154096	ENST00000284240	protein_coding	0	0	0	3	0	0	0	2	0	0	0	0	1
THY1	ENSG00000154096	ENST00000524659	protein_coding	0	0	0	2	0	0	0	1	0	0	0	0	1
THY1	ENSG00000154096	ENST00000524970	protein_coding	0	0	0	2	0	0	0	1	0	0	0	0	1
THY1	ENSG00000154096	ENST00000528522	protein_coding	0	0	0	2	0	0	0	2	0	0	0	0	0
THY1	ENSG00000154096	ENST00000580275	protein_coding	0	0	0	2	0	0	0	1	0	0	0	0	1
TMEM117	ENSG00000139173	ENST00000266534	protein_coding	0	0	0	2	0	0	0	0	0	2	0	0	0
TMEM117	ENSG00000139173	ENST00000536799	protein_coding	0	0	0	2	0	0	0	0	0	2	0	0	0
TMEM117	ENSG00000139173	ENST00000550495	protein_coding	0	0	0	2	0	0	0	0	0	2	0	0	0
TMEM117	ENSG00000139173	ENST00000551577	protein_coding	0	0	0	2	0	0	0	0	0	2	0	0	0
TMEM178B	ENSG00000261115	ENST00000565468	protein_coding	0	0	0	2	0	0	0	0	0	2	0	0	0
TRAP1	ENSG00000126602	ENST00000246957	protein_coding	0	0	0	7	0	0	0	0	0	4	0	0	3
TRAP1	ENSG00000126602	ENST00000538171	protein_coding	0	0	0	7	0	0	0	0	0	4	0	0	3
TRAP1	ENSG00000126602	ENST00000571538	protein_coding	0	0	0	4	0	0	0	2	0	1	0	0	1
TRAP1	ENSG00000126602	ENST00000575671	protein_coding	0	0	0	2	0	1	0	0	0	0	0	0	1
TRAP1	ENSG00000126602	ENST00000576335	protein_coding	0	0	0	3	0	0	0	0	0	3	0	0	0
TSSK1B	ENSG00000212122	ENST00000390666	protein_coding	0	0	0	1	0	0	0	1	0	0	0	0	0
UCK1	ENSG00000130717	ENST00000372208	protein_coding	0	0	0	1	0	0	0	0	0	1	0	0	0
UCK1	ENSG00000130717	ENST00000372210	protein_coding	0	0	0	1	0	0	0	0	0	1	0	0	0
UCK1	ENSG00000130717	ENST00000372211	protein_coding	0	0	0	1	0	0	0	0	0	1	0	0	0
UCK1	ENSG00000130717	ENST00000372215	protein_coding	0	0	0	1	0	0	0	0	0	1	0	0	0
VARS2	ENSG00000137411	ENST00000321897	protein_coding	0	0	0	2	0	0	0	1	0	1	0	0	0
VARS2	ENSG00000137411	ENST00000416670	protein_coding	0	0	0	2	0	0	0	1	0	1	0	0	0
VARS2	ENSG00000137411	ENST00000428017	protein_coding	0	0	0	1	0	0	0	1	0	0	0	0	0
VARS2	ENSG00000137411	ENST00000541562	protein_coding	0	0	0	2	0	0	0	1	0	1	0	0	0
VARS2	ENSG00000137411	ENST00000542001	protein_coding	0	0	0	2	0	0	0	1	0	1	0	0	0
WT1	ENSG00000184937	ENST00000332351	protein_coding	0	0	0	3	0	0	0	0	0	3	0	0	0
WT1	ENSG00000184937	ENST00000379079	protein_coding	0	0	0	3	0	0	0	0	0	3	0	0	0
WT1	ENSG00000184937	ENST00000448076	protein_coding	0	0	0	3	0	0	0	0	0	3	0	0	0
WT1	ENSG00000184937	ENST00000452863	protein_coding	0	0	0	3	0	0	0	0	0	3	0	0	0
WT1	ENSG00000184937	ENST00000526685	protein_coding	0	0	0	1	0	0	0	1	0	0	0	0	0
WT1	ENSG00000184937	ENST00000527775	protein_coding	0	0	0	3	0	0	0	1	0	2	0	0	0
WT1	ENSG00000184937	ENST00000527882	protein_coding	0	0	0	3	0	0	0	0	0	3	0	0	0
WT1	ENSG00000184937	ENST00000530998	protein_coding	0	0	0	3	0	0	0	0	0	3	0	0	0
WTAP	ENSG00000146457	ENST00000337387	protein_coding	0	0	0	1	0	0	0	0	0	1	0	0	0
WTAP	ENSG00000146457	ENST00000358372	protein_coding	0	0	0	1	0	0	0	0	0	1	0	0	0
YIPF2	ENSG00000130733	ENST00000253031	protein_coding	0	0	0	2	0	0	0	0	0	1	0	0	1
YIPF2	ENSG00000130733	ENST00000585858	protein_coding	0	0	0	2	0	0	0	0	0	1	0	0	1
YIPF2	ENSG00000130733	ENST00000586575	protein_coding	0	0	0	2	0	0	0	0	0	1	0	0	1
YIPF2	ENSG00000130733	ENST00000586748	protein_coding	0	0	0	2	0	0	0	0	0	1	0	0	1
YIPF2	ENSG00000130733	ENST00000587943	protein_coding	0	0	0	2	0	0	0	0	0	1	0	0	1
YIPF2	ENSG00000130733	ENST00000588347	protein_coding	0	0	0	2	0	0	0	0	0	1	0	0	1
YIPF2	ENSG00000130733	ENST00000589971	protein_coding	0	0	0	1	0	0	0	0	0	0	0	0	1
YIPF2	ENSG00000130733	ENST00000590329	protein_coding	0	0	0	2	0	0	0	0	0	1	0	0	1
YIPF2	ENSG00000130733	ENST00000591872	protein_coding	0	0	0	1	0	0	0	0	0	0	0	0	1
YIPF2	ENSG00000130733	ENST00000592646	protein_coding	0	0	0	1	0	0	0	0	0	0	0	0	1
ZNF33B	ENSG00000196693	ENST00000359467	protein_coding	0	0	0	5	0	0	0	0	0	5	0	0	0
ZNF425	ENSG00000204947	ENST00000378061	protein_coding	0	0	0	1	0	0	0	0	0	1	0	0	0
ZNF425	ENSG00000204947	ENST00000483014	protein_coding	0	0	0	1	0	0	0	0	0	1	0	0	0
