# The following table is formatted as tab separated values. 
#GeneName	GeneId	TranscriptId	BioType	variants_impact_HIGH	variants_impact_LOW	variants_impact_MODERATE	variants_impact_MODIFIER	variants_effect_3_prime_UTR_variant	variants_effect_5_prime_UTR_variant	variants_effect_conservative_inframe_deletion	variants_effect_downstream_gene_variant	variants_effect_frameshift_variant	variants_effect_intron_variant	variants_effect_missense_variant	variants_effect_splice_donor_variant	variants_effect_synonymous_variant	variants_effect_upstream_gene_variant
ABL2	ENSG00000143322	ENST00000344730	protein_coding	0	0	0	2	0	0	0	0	0	2	0	0	0	0
ABL2	ENSG00000143322	ENST00000367623	protein_coding	0	0	0	3	0	0	0	0	0	3	0	0	0	0
ABL2	ENSG00000143322	ENST00000392043	protein_coding	0	0	0	3	0	0	0	0	0	3	0	0	0	0
ABL2	ENSG00000143322	ENST00000408940	protein_coding	0	0	0	2	0	0	0	0	0	2	0	0	0	0
ABL2	ENSG00000143322	ENST00000502732	protein_coding	0	0	0	3	0	0	0	0	0	3	0	0	0	0
ABL2	ENSG00000143322	ENST00000504405	protein_coding	0	0	0	2	0	0	0	0	0	2	0	0	0	0
ABL2	ENSG00000143322	ENST00000507173	protein_coding	0	0	0	3	0	0	0	0	0	3	0	0	0	0
ABL2	ENSG00000143322	ENST00000511413	protein_coding	0	0	0	3	0	0	0	0	0	3	0	0	0	0
ABL2	ENSG00000143322	ENST00000512653	protein_coding	0	0	0	2	0	0	0	0	0	2	0	0	0	0
AC119673.1	ENSG00000268313	ENST00000598338	protein_coding	0	0	0	4	0	0	0	0	0	0	0	0	0	4
ACTR5	ENSG00000101442	ENST00000243903	protein_coding	0	1	0	1	0	0	0	0	0	1	0	0	1	0
AE000662.92	ENSG00000259003	ENST00000557595	protein_coding	1	0	0	0	0	0	0	0	1	0	0	0	0	0
ALK	ENSG00000171094	ENST00000389048	protein_coding	0	0	0	2	0	0	0	0	0	2	0	0	0	0
ALK	ENSG00000171094	ENST00000431873	protein_coding	0	0	0	2	0	0	0	0	0	2	0	0	0	0
ANGPTL7	ENSG00000171819	ENST00000376819	protein_coding	0	0	0	1	0	0	0	1	0	0	0	0	0	0
AP4E1	ENSG00000081014	ENST00000261842	protein_coding	0	0	0	3	0	0	0	0	0	3	0	0	0	0
AP4E1	ENSG00000081014	ENST00000560508	protein_coding	0	0	0	3	0	0	0	0	0	3	0	0	0	0
ARCN1	ENSG00000095139	ENST00000264028	protein_coding	0	0	0	6	3	0	0	3	0	0	0	0	0	0
ARCN1	ENSG00000095139	ENST00000359415	protein_coding	0	0	0	6	3	0	0	3	0	0	0	0	0	0
ARCN1	ENSG00000095139	ENST00000392859	protein_coding	0	0	0	6	0	0	0	6	0	0	0	0	0	0
ARCN1	ENSG00000095139	ENST00000534182	protein_coding	0	0	0	6	3	0	0	1	0	2	0	0	0	0
ARPC1A	ENSG00000241685	ENST00000262942	protein_coding	0	0	0	4	0	0	0	0	0	4	0	0	0	0
ARPC1A	ENSG00000241685	ENST00000432884	protein_coding	0	0	0	6	0	0	0	0	0	6	0	0	0	0
ARPC1B	ENSG00000130429	ENST00000252725	protein_coding	0	0	0	2	0	0	0	0	0	1	0	0	0	1
ARPC1B	ENSG00000130429	ENST00000414376	protein_coding	0	0	0	2	0	0	0	0	0	1	0	0	0	1
ARPC1B	ENSG00000130429	ENST00000417330	protein_coding	0	0	0	2	0	0	0	0	0	1	0	0	0	1
ARPC1B	ENSG00000130429	ENST00000418347	protein_coding	0	0	0	2	0	0	0	0	0	1	0	0	0	1
ARPC1B	ENSG00000130429	ENST00000427217	protein_coding	0	0	0	2	0	0	0	0	0	1	0	0	0	1
ARPC1B	ENSG00000130429	ENST00000429246	protein_coding	0	0	0	2	0	0	0	0	0	1	0	0	0	1
ARPC1B	ENSG00000130429	ENST00000431816	protein_coding	0	0	0	2	0	0	0	0	0	1	0	0	0	1
ARPC1B	ENSG00000130429	ENST00000443222	protein_coding	0	0	0	2	0	0	0	0	0	1	0	0	0	1
ARPC1B	ENSG00000130429	ENST00000451682	protein_coding	0	0	0	2	0	0	0	0	0	1	0	0	0	1
ARPC1B	ENSG00000130429	ENST00000455009	protein_coding	0	0	0	2	0	0	0	0	0	1	0	0	0	1
ARPC1B	ENSG00000130429	ENST00000458033	protein_coding	0	0	0	2	0	0	0	0	0	1	0	0	0	1
ATM	ENSG00000149311	ENST00000278616	protein_coding	0	0	0	3	0	0	0	1	0	2	0	0	0	0
ATM	ENSG00000149311	ENST00000452508	protein_coding	0	0	0	3	0	0	0	1	0	2	0	0	0	0
BICD2	ENSG00000185963	ENST00000356884	protein_coding	0	1	0	2	0	0	0	1	0	1	0	0	1	0
BICD2	ENSG00000185963	ENST00000375512	protein_coding	0	1	0	2	0	0	0	1	0	1	0	0	1	0
BRIP1	ENSG00000136492	ENST00000259008	protein_coding	0	1	0	1	0	0	0	0	0	1	0	0	1	0
BRIP1	ENSG00000136492	ENST00000577598	protein_coding	0	1	0	1	0	0	0	0	0	1	0	0	1	0
BRIP1	ENSG00000136492	ENST00000577913	protein_coding	0	0	0	1	0	0	0	1	0	0	0	0	0	0
BUD31	ENSG00000106245	ENST00000222969	protein_coding	0	0	0	1	0	0	0	0	0	1	0	0	0	0
BUD31	ENSG00000106245	ENST00000403633	protein_coding	0	0	0	1	0	0	0	0	0	1	0	0	0	0
BUD31	ENSG00000106245	ENST00000431419	protein_coding	0	0	0	1	0	0	0	0	0	0	0	0	0	1
BUD31	ENSG00000106245	ENST00000456893	protein_coding	0	0	0	1	0	0	0	0	0	1	0	0	0	0
C11orf65	ENSG00000166323	ENST00000393084	protein_coding	0	0	0	6	0	0	0	2	0	4	0	0	0	0
C11orf65	ENSG00000166323	ENST00000524755	protein_coding	0	0	0	5	0	0	0	0	0	5	0	0	0	0
C11orf65	ENSG00000166323	ENST00000525729	protein_coding	0	0	0	9	0	0	0	0	0	9	0	0	0	0
C11orf65	ENSG00000166323	ENST00000529391	protein_coding	0	0	0	6	0	0	0	2	0	3	0	0	0	1
C11orf65	ENSG00000166323	ENST00000533583	protein_coding	0	0	0	4	0	0	0	0	0	3	0	0	0	1
C19orf47	ENSG00000160392	ENST00000392035	protein_coding	0	0	0	2	0	0	0	0	0	2	0	0	0	0
C19orf47	ENSG00000160392	ENST00000580606	protein_coding	0	0	0	2	0	0	0	0	0	1	0	0	0	1
C19orf47	ENSG00000160392	ENST00000582006	protein_coding	0	0	0	2	0	0	0	0	0	2	0	0	0	0
C19orf47	ENSG00000160392	ENST00000582783	protein_coding	0	0	0	2	0	0	0	0	0	2	0	0	0	0
C19orf52	ENSG00000142444	ENST00000270502	protein_coding	0	0	0	1	0	0	0	0	0	0	0	0	0	1
C1QL1	ENSG00000131094	ENST00000253407	protein_coding	0	0	0	1	0	0	0	0	0	0	0	0	0	1
C3orf83	ENSG00000225526	ENST00000564146	protein_coding	0	0	1	1	0	0	0	0	0	0	1	0	0	1
CAMKV	ENSG00000164076	ENST00000296471	protein_coding	0	0	0	2	0	0	0	0	0	2	0	0	0	0
CAMKV	ENSG00000164076	ENST00000463537	protein_coding	0	0	0	2	0	0	0	0	0	2	0	0	0	0
CAMKV	ENSG00000164076	ENST00000466940	protein_coding	0	0	0	2	0	0	0	0	0	2	0	0	0	0
CAMKV	ENSG00000164076	ENST00000467248	protein_coding	0	0	0	2	0	0	0	0	0	2	0	0	0	0
CAMKV	ENSG00000164076	ENST00000477224	protein_coding	0	0	0	2	0	0	0	0	0	2	0	0	0	0
CAMKV	ENSG00000164076	ENST00000480398	protein_coding	0	0	0	2	0	0	0	0	0	2	0	0	0	0
CAMKV	ENSG00000164076	ENST00000488336	protein_coding	0	0	0	2	0	0	0	0	0	2	0	0	0	0
CARM1	ENSG00000142453	ENST00000327064	protein_coding	0	0	0	5	0	0	0	1	0	4	0	0	0	0
CARM1	ENSG00000142453	ENST00000344150	protein_coding	0	0	0	5	0	0	0	1	0	4	0	0	0	0
CARM1	ENSG00000142453	ENST00000586298	protein_coding	0	0	0	1	0	0	0	1	0	0	0	0	0	0
CARM1	ENSG00000142453	ENST00000588947	protein_coding	0	0	0	4	0	0	0	0	0	4	0	0	0	0
CCDC170	ENSG00000120262	ENST00000239374	protein_coding	0	0	0	1	0	0	0	1	0	0	0	0	0	0
CCDC170	ENSG00000120262	ENST00000367290	protein_coding	0	0	0	1	0	0	0	1	0	0	0	0	0	0
CD79B	ENSG00000007312	ENST00000006750	protein_coding	0	0	0	1	0	0	0	0	0	0	0	0	0	1
CD79B	ENSG00000007312	ENST00000349817	protein_coding	0	0	0	1	0	0	0	0	0	0	0	0	0	1
CD79B	ENSG00000007312	ENST00000392795	protein_coding	0	0	0	1	0	0	0	0	0	0	0	0	0	1
CDH1	ENSG00000039068	ENST00000261769	protein_coding	0	0	0	2	0	0	0	0	0	2	0	0	0	0
CDH1	ENSG00000039068	ENST00000422392	protein_coding	0	0	0	2	0	0	0	0	0	2	0	0	0	0
CDKN2A	ENSG00000147889	ENST00000361570	protein_coding	0	1	0	0	0	0	0	0	0	0	0	0	1	0
CDKN2A	ENSG00000147889	ENST00000494262	protein_coding	0	0	0	1	0	0	0	0	0	1	0	0	0	0
CDKN2A	ENSG00000147889	ENST00000498628	protein_coding	0	0	0	1	0	0	0	0	0	1	0	0	0	0
CDKN2A	ENSG00000147889	ENST00000530628	protein_coding	0	0	0	1	0	1	0	0	0	0	0	0	0	0
CDKN2A	ENSG00000147889	ENST00000579755	protein_coding	0	0	0	1	0	1	0	0	0	0	0	0	0	0
CHMP4B	ENSG00000101421	ENST00000217402	protein_coding	0	0	0	2	0	0	0	0	0	2	0	0	0	0
CPS1	ENSG00000021826	ENST00000417946	protein_coding	0	0	0	2	0	0	0	0	0	2	0	0	0	0
CPS1	ENSG00000021826	ENST00000430249	protein_coding	0	0	0	2	0	0	0	0	0	2	0	0	0	0
CPS1	ENSG00000021826	ENST00000518043	protein_coding	0	0	0	2	0	0	0	0	0	2	0	0	0	0
CPS1	ENSG00000021826	ENST00000523702	protein_coding	0	0	0	2	0	0	0	0	0	2	0	0	0	0
CREBBP	ENSG00000005339	ENST00000262367	protein_coding	0	0	0	4	0	0	0	1	0	3	0	0	0	0
CREBBP	ENSG00000005339	ENST00000382070	protein_coding	0	0	0	3	0	0	0	0	0	3	0	0	0	0
CREBBP	ENSG00000005339	ENST00000570939	protein_coding	0	0	0	2	0	0	0	0	0	2	0	0	0	0
CREBBP	ENSG00000005339	ENST00000573517	protein_coding	0	0	0	1	0	0	0	0	0	1	0	0	0	0
CSH2	ENSG00000213218	ENST00000336844	protein_coding	0	0	0	2	0	0	0	2	0	0	0	0	0	0
CSH2	ENSG00000213218	ENST00000345366	protein_coding	0	0	0	2	0	0	0	2	0	0	0	0	0	0
CSH2	ENSG00000213218	ENST00000392886	protein_coding	0	0	0	2	0	0	0	2	0	0	0	0	0	0
CSH2	ENSG00000213218	ENST00000560142	protein_coding	0	0	0	2	0	0	0	2	0	0	0	0	0	0
CSHL1	ENSG00000204414	ENST00000259003	protein_coding	0	0	0	1	0	0	0	1	0	0	0	0	0	0
CSHL1	ENSG00000204414	ENST00000309894	protein_coding	0	0	0	1	0	0	0	1	0	0	0	0	0	0
CSHL1	ENSG00000204414	ENST00000346606	protein_coding	0	0	0	1	0	0	0	1	0	0	0	0	0	0
CSHL1	ENSG00000204414	ENST00000392824	protein_coding	0	0	0	1	0	0	0	1	0	0	0	0	0	0
CSHL1	ENSG00000204414	ENST00000438387	protein_coding	0	0	0	1	0	0	0	1	0	0	0	0	0	0
CSHL1	ENSG00000204414	ENST00000450719	protein_coding	0	0	0	1	0	0	0	1	0	0	0	0	0	0
CSHL1	ENSG00000204414	ENST00000561003	protein_coding	0	0	0	1	0	0	0	1	0	0	0	0	0	0
CYSLTR1	ENSG00000173198	ENST00000373304	protein_coding	0	0	0	1	0	0	0	0	0	1	0	0	0	0
DBH	ENSG00000123454	ENST00000263611	protein_coding	0	0	0	4	0	0	0	0	0	4	0	0	0	0
DBH	ENSG00000123454	ENST00000393056	protein_coding	0	0	0	5	0	0	0	0	0	5	0	0	0	0
DCC	ENSG00000187323	ENST00000442544	protein_coding	0	0	0	3	0	0	0	1	0	2	0	0	0	0
DCC	ENSG00000187323	ENST00000581580	protein_coding	0	0	0	3	0	0	0	1	0	2	0	0	0	0
DCTN4	ENSG00000132912	ENST00000424236	protein_coding	0	0	0	1	0	0	0	0	0	1	0	0	0	0
DCTN4	ENSG00000132912	ENST00000446090	protein_coding	0	0	0	1	0	0	0	0	0	1	0	0	0	0
DCTN4	ENSG00000132912	ENST00000447998	protein_coding	0	0	0	1	0	0	0	0	0	1	0	0	0	0
DCTN4	ENSG00000132912	ENST00000518015	protein_coding	0	0	0	1	0	0	0	0	0	1	0	0	0	0
DCTN4	ENSG00000132912	ENST00000521533	protein_coding	0	0	0	1	0	0	0	0	0	1	0	0	0	0
DCTN4	ENSG00000132912	ENST00000521728	protein_coding	0	0	0	1	0	0	0	0	0	0	0	0	0	1
DDR2	ENSG00000162733	ENST00000367922	protein_coding	0	0	0	1	0	0	0	1	0	0	0	0	0	0
DHX57	ENSG00000163214	ENST00000295373	protein_coding	0	0	0	2	0	0	0	0	0	2	0	0	0	0
DHX57	ENSG00000163214	ENST00000452978	protein_coding	0	0	0	2	0	0	0	0	0	2	0	0	0	0
DLEC1	ENSG00000008226	ENST00000308059	protein_coding	0	0	0	2	0	0	0	0	0	2	0	0	0	0
DLEC1	ENSG00000008226	ENST00000346219	protein_coding	0	0	0	2	0	0	0	0	0	2	0	0	0	0
DLEC1	ENSG00000008226	ENST00000452631	protein_coding	0	0	0	2	0	0	0	0	0	2	0	0	0	0
DNASE1	ENSG00000213918	ENST00000575479	protein_coding	0	0	0	6	0	0	0	2	0	4	0	0	0	0
DPYD	ENSG00000188641	ENST00000370192	protein_coding	0	0	0	1	0	0	0	0	0	1	0	0	0	0
DSCAM	ENSG00000171587	ENST00000400454	protein_coding	0	0	0	17	0	0	0	0	0	17	0	0	0	0
DSCAM	ENSG00000171587	ENST00000404019	protein_coding	0	0	0	17	0	0	0	0	0	17	0	0	0	0
EGFR	ENSG00000146648	ENST00000275493	protein_coding	0	0	0	4	0	0	0	0	0	4	0	0	0	0
EGFR	ENSG00000146648	ENST00000342916	protein_coding	0	0	0	4	0	0	0	0	0	4	0	0	0	0
EGFR	ENSG00000146648	ENST00000344576	protein_coding	0	0	0	4	0	0	0	0	0	4	0	0	0	0
EGFR	ENSG00000146648	ENST00000420316	protein_coding	0	0	0	4	0	0	0	0	0	4	0	0	0	0
EGFR	ENSG00000146648	ENST00000442591	protein_coding	0	0	0	4	0	0	0	0	0	4	0	0	0	0
EGFR	ENSG00000146648	ENST00000450046	protein_coding	0	0	0	2	0	0	0	0	0	2	0	0	0	0
EGFR	ENSG00000146648	ENST00000454757	protein_coding	0	0	0	2	0	0	0	0	0	2	0	0	0	0
EGFR	ENSG00000146648	ENST00000455089	protein_coding	0	0	0	4	0	0	0	0	0	4	0	0	0	0
EIF2B5	ENSG00000145191	ENST00000444495	protein_coding	0	0	0	1	0	0	0	0	0	1	0	0	0	0
EXD1	ENSG00000178997	ENST00000314992	protein_coding	0	0	0	2	0	0	0	0	0	2	0	0	0	0
EXD1	ENSG00000178997	ENST00000458580	protein_coding	0	0	0	2	0	0	0	0	0	2	0	0	0	0
EXD1	ENSG00000178997	ENST00000558396	protein_coding	0	0	0	2	0	0	0	1	0	1	0	0	0	0
FAM179A	ENSG00000189350	ENST00000379558	protein_coding	0	0	0	4	0	0	0	0	0	4	0	0	0	0
FAM179A	ENSG00000189350	ENST00000401723	protein_coding	0	0	0	5	0	0	0	0	0	5	0	0	0	0
FAM179A	ENSG00000189350	ENST00000403861	protein_coding	0	0	0	4	0	0	0	0	0	4	0	0	0	0
FAM179A	ENSG00000189350	ENST00000420297	protein_coding	0	0	0	3	0	0	0	2	0	1	0	0	0	0
FANCD2OS	ENSG00000163705	ENST00000450660	protein_coding	0	0	0	1	0	0	0	0	0	0	0	0	0	1
FANCD2OS	ENSG00000163705	ENST00000453223	protein_coding	0	0	0	1	0	0	0	0	0	0	0	0	0	1
FANCD2OS	ENSG00000163705	ENST00000524279	protein_coding	0	0	0	1	0	0	0	0	0	0	0	0	0	1
FBXW11	ENSG00000072803	ENST00000265094	protein_coding	0	0	0	2	0	0	0	0	0	2	0	0	0	0
FBXW11	ENSG00000072803	ENST00000296933	protein_coding	0	0	0	2	0	0	0	0	0	2	0	0	0	0
FBXW11	ENSG00000072803	ENST00000393802	protein_coding	0	0	0	2	0	0	0	0	0	2	0	0	0	0
FBXW11	ENSG00000072803	ENST00000425623	protein_coding	0	0	0	2	0	0	0	0	0	2	0	0	0	0
FBXW11	ENSG00000072803	ENST00000517395	protein_coding	0	0	0	2	0	0	0	0	0	2	0	0	0	0
FBXW11	ENSG00000072803	ENST00000518752	protein_coding	0	0	0	2	0	0	0	0	0	2	0	0	0	0
FGFR3	ENSG00000068078	ENST00000260795	protein_coding	0	0	1	0	0	0	1	0	0	0	0	0	0	0
FGFR3	ENSG00000068078	ENST00000340107	protein_coding	0	0	0	1	0	0	0	0	0	1	0	0	0	0
FGFR3	ENSG00000068078	ENST00000352904	protein_coding	0	0	0	1	0	0	0	0	0	1	0	0	0	0
FGFR3	ENSG00000068078	ENST00000412135	protein_coding	0	0	0	1	0	0	0	0	0	1	0	0	0	0
FGFR3	ENSG00000068078	ENST00000440486	protein_coding	0	0	1	0	0	0	1	0	0	0	0	0	0	0
FGFR3	ENSG00000068078	ENST00000481110	protein_coding	0	0	1	0	0	0	1	0	0	0	0	0	0	0
FGFR3	ENSG00000068078	ENST00000507588	protein_coding	0	0	0	1	0	0	0	1	0	0	0	0	0	0
FIP1L1	ENSG00000145216	ENST00000306932	protein_coding	0	0	0	2	0	0	0	0	0	2	0	0	0	0
FIP1L1	ENSG00000145216	ENST00000337488	protein_coding	0	0	0	2	0	0	0	0	0	2	0	0	0	0
FIP1L1	ENSG00000145216	ENST00000358575	protein_coding	0	0	0	2	0	0	0	0	0	2	0	0	0	0
FIP1L1	ENSG00000145216	ENST00000507166	protein_coding	0	0	0	4	0	0	0	0	0	4	0	0	0	0
FIP1L1	ENSG00000145216	ENST00000507922	protein_coding	0	0	0	2	0	0	0	0	0	2	0	0	0	0
GEMIN6	ENSG00000152147	ENST00000281950	protein_coding	0	0	0	3	0	0	0	1	0	2	0	0	0	0
GEMIN6	ENSG00000152147	ENST00000409011	protein_coding	0	0	0	3	0	0	0	0	0	3	0	0	0	0
GEMIN6	ENSG00000152147	ENST00000409566	protein_coding	1	0	0	1	0	0	0	0	1	1	0	0	0	0
GH2	ENSG00000136487	ENST00000332800	protein_coding	0	0	0	1	0	0	0	0	0	0	0	0	0	1
GH2	ENSG00000136487	ENST00000423893	protein_coding	0	0	0	1	0	0	0	0	0	0	0	0	0	1
GH2	ENSG00000136487	ENST00000449787	protein_coding	0	0	0	1	0	0	0	0	0	0	0	0	0	1
GH2	ENSG00000136487	ENST00000456543	protein_coding	0	0	0	1	0	0	0	0	0	0	0	0	0	1
GNA11	ENSG00000088256	ENST00000078429	protein_coding	0	0	0	1	0	0	0	0	0	1	0	0	0	0
GNA11	ENSG00000088256	ENST00000587636	protein_coding	0	0	0	1	0	0	0	0	0	0	0	0	0	1
GTF3A	ENSG00000122034	ENST00000381140	protein_coding	0	0	0	1	0	0	0	0	0	1	0	0	0	0
GTF3A	ENSG00000122034	ENST00000439403	protein_coding	0	0	0	1	0	0	0	0	0	1	0	0	0	0
HIC2	ENSG00000169635	ENST00000407464	protein_coding	0	0	0	1	0	0	0	0	0	0	0	0	0	1
HRAS	ENSG00000174775	ENST00000311189	protein_coding	0	1	0	0	0	0	0	0	0	0	0	0	1	0
HRAS	ENSG00000174775	ENST00000397594	protein_coding	0	1	0	0	0	0	0	0	0	0	0	0	1	0
HRAS	ENSG00000174775	ENST00000397596	protein_coding	0	1	0	0	0	0	0	0	0	0	0	0	1	0
HRAS	ENSG00000174775	ENST00000417302	protein_coding	0	1	0	0	0	0	0	0	0	0	0	0	1	0
HRAS	ENSG00000174775	ENST00000451590	protein_coding	0	1	0	0	0	0	0	0	0	0	0	0	1	0
HSD17B7	ENSG00000132196	ENST00000254521	protein_coding	0	0	0	2	0	0	0	0	0	2	0	0	0	0
HSD17B7	ENSG00000132196	ENST00000367913	protein_coding	0	0	0	1	0	0	0	0	0	1	0	0	0	0
HSD17B7	ENSG00000132196	ENST00000367915	protein_coding	0	0	0	1	0	0	0	0	0	1	0	0	0	0
HSD17B7	ENSG00000132196	ENST00000367917	protein_coding	0	0	0	2	0	0	0	0	0	2	0	0	0	0
IFNGR2	ENSG00000159128	ENST00000290219	protein_coding	0	0	0	1	0	0	0	0	0	1	0	0	0	0
IFNGR2	ENSG00000159128	ENST00000381995	protein_coding	0	0	0	1	0	0	0	0	0	1	0	0	0	0
IFNGR2	ENSG00000159128	ENST00000405436	protein_coding	0	0	0	1	0	0	0	0	0	1	0	0	0	0
IFT46	ENSG00000118096	ENST00000264020	protein_coding	0	0	0	3	0	3	0	0	0	0	0	0	0	0
IFT46	ENSG00000118096	ENST00000264021	protein_coding	0	0	0	3	0	3	0	0	0	0	0	0	0	0
IFT46	ENSG00000118096	ENST00000528378	protein_coding	0	0	0	3	0	0	0	0	0	3	0	0	0	0
IFT46	ENSG00000118096	ENST00000530872	protein_coding	0	0	0	3	0	0	0	0	0	0	0	0	0	3
IFT46	ENSG00000118096	ENST00000533918	protein_coding	0	0	0	3	0	0	0	0	0	3	0	0	0	0
IFT46	ENSG00000118096	ENST00000534114	protein_coding	0	0	0	3	0	0	0	0	0	3	0	0	0	0
IFT46	ENSG00000118096	ENST00000534156	protein_coding	0	0	0	3	0	0	0	0	0	0	0	0	0	3
INPP5F	ENSG00000198825	ENST00000361976	protein_coding	0	0	0	4	0	0	0	0	0	4	0	0	0	0
INPP5F	ENSG00000198825	ENST00000369083	protein_coding	0	0	0	3	0	0	0	0	0	3	0	0	0	0
INTS2	ENSG00000108506	ENST00000251334	protein_coding	1	0	0	0	0	0	0	0	0	1	0	1	0	0
INTS2	ENSG00000108506	ENST00000444766	protein_coding	1	0	0	0	0	0	0	0	0	1	0	1	0	0
ITGA7	ENSG00000135424	ENST00000257879	protein_coding	0	0	0	5	0	0	0	0	0	5	0	0	0	0
ITGA7	ENSG00000135424	ENST00000257880	protein_coding	0	0	0	5	0	0	0	0	0	5	0	0	0	0
ITGA7	ENSG00000135424	ENST00000347027	protein_coding	0	0	0	5	0	0	0	0	0	5	0	0	0	0
ITGA7	ENSG00000135424	ENST00000394229	protein_coding	0	0	0	5	0	0	0	0	0	5	0	0	0	0
ITGA7	ENSG00000135424	ENST00000394230	protein_coding	0	0	0	5	0	0	0	0	0	5	0	0	0	0
ITGA7	ENSG00000135424	ENST00000452168	protein_coding	0	0	0	5	0	0	0	0	0	5	0	0	0	0
ITGA7	ENSG00000135424	ENST00000553804	protein_coding	0	0	0	5	0	0	0	0	0	5	0	0	0	0
ITGA7	ENSG00000135424	ENST00000555728	protein_coding	0	0	0	5	0	0	0	0	0	5	0	0	0	0
ITGA7	ENSG00000135424	ENST00000557257	protein_coding	0	0	0	4	0	0	0	1	0	3	0	0	0	0
ITGA7	ENSG00000135424	ENST00000557555	protein_coding	0	0	0	2	0	0	0	0	0	0	0	0	0	2
JAK2	ENSG00000096968	ENST00000381652	protein_coding	0	0	1	0	0	0	0	0	0	0	1	0	0	0
JAK2	ENSG00000096968	ENST00000539801	protein_coding	0	0	1	0	0	0	0	0	0	0	1	0	0	0
JAK2	ENSG00000096968	ENST00000544510	protein_coding	0	0	1	0	0	0	0	0	0	0	1	0	0	0
KDM6A	ENSG00000147050	ENST00000377967	protein_coding	0	0	0	1	0	0	0	1	0	0	0	0	0	0
KDM6A	ENSG00000147050	ENST00000382899	protein_coding	0	0	0	1	0	0	0	1	0	0	0	0	0	0
KDM6A	ENSG00000147050	ENST00000414389	protein_coding	0	0	0	1	0	0	0	1	0	0	0	0	0	0
KDM6A	ENSG00000147050	ENST00000431196	protein_coding	0	0	0	1	0	0	0	1	0	0	0	0	0	0
KDM6A	ENSG00000147050	ENST00000433797	protein_coding	0	0	0	1	0	0	0	1	0	0	0	0	0	0
KDM6A	ENSG00000147050	ENST00000536777	protein_coding	0	0	0	1	0	0	0	1	0	0	0	0	0	0
KDM6A	ENSG00000147050	ENST00000543216	protein_coding	0	0	0	1	0	0	0	1	0	0	0	0	0	0
KRT79	ENSG00000185640	ENST00000330553	protein_coding	0	0	0	1	0	0	0	0	0	1	0	0	0	0
KRT79	ENSG00000185640	ENST00000549255	protein_coding	0	0	0	1	0	0	0	0	0	0	0	0	0	1
LAMA2	ENSG00000196569	ENST00000421865	protein_coding	0	0	0	10	0	0	0	0	0	10	0	0	0	0
LRRC56	ENSG00000161328	ENST00000270115	protein_coding	0	0	0	1	0	0	0	0	0	0	0	0	0	1
MAP1S	ENSG00000130479	ENST00000324096	protein_coding	1	0	0	2	0	0	0	0	1	2	0	0	0	0
MAP1S	ENSG00000130479	ENST00000544059	protein_coding	1	0	0	2	0	0	0	0	1	2	0	0	0	0
MAP1S	ENSG00000130479	ENST00000594625	protein_coding	0	0	0	2	0	0	0	1	0	1	0	0	0	0
MAP1S	ENSG00000130479	ENST00000597000	protein_coding	0	0	0	2	0	0	0	0	0	1	0	0	0	1
MAP1S	ENSG00000130479	ENST00000597735	protein_coding	0	0	0	3	0	0	0	0	0	3	0	0	0	0
MAP1S	ENSG00000130479	ENST00000600186	protein_coding	0	0	0	2	0	0	0	1	0	1	0	0	0	0
MAP2K2	ENSG00000126934	ENST00000262948	protein_coding	1	0	0	1	0	0	0	0	1	1	0	0	0	0
MAP2K2	ENSG00000126934	ENST00000394867	protein_coding	1	0	0	1	0	0	0	0	1	1	0	0	0	0
MAP2K2	ENSG00000126934	ENST00000599021	protein_coding	0	0	0	1	0	0	0	0	0	0	0	0	0	1
MAP2K4	ENSG00000065559	ENST00000353533	protein_coding	0	0	0	2	0	0	0	0	0	2	0	0	0	0
MAP2K4	ENSG00000065559	ENST00000415385	protein_coding	0	0	0	2	0	0	0	0	0	2	0	0	0	0
MCC	ENSG00000171444	ENST00000408903	protein_coding	0	0	0	3	0	0	0	0	0	3	0	0	0	0
MEGF11	ENSG00000157890	ENST00000288745	protein_coding	0	0	0	1	0	0	0	0	0	1	0	0	0	0
MEGF11	ENSG00000157890	ENST00000360698	protein_coding	0	0	0	1	0	0	0	0	0	1	0	0	0	0
MEGF11	ENSG00000157890	ENST00000395614	protein_coding	0	0	0	1	0	0	0	0	0	1	0	0	0	0
MEGF11	ENSG00000157890	ENST00000395625	protein_coding	0	0	0	1	0	0	0	0	0	1	0	0	0	0
MEGF11	ENSG00000157890	ENST00000409699	protein_coding	0	0	0	1	0	0	0	0	0	1	0	0	0	0
MEGF11	ENSG00000157890	ENST00000422354	protein_coding	0	0	0	1	0	0	0	0	0	1	0	0	0	0
MEI1	ENSG00000167077	ENST00000300398	protein_coding	0	0	0	1	0	0	0	0	0	1	0	0	0	0
MEI1	ENSG00000167077	ENST00000400107	protein_coding	0	0	0	1	0	0	0	0	0	1	0	0	0	0
MEI1	ENSG00000167077	ENST00000401548	protein_coding	0	0	0	1	0	0	0	0	0	1	0	0	0	0
MEI1	ENSG00000167077	ENST00000540833	protein_coding	0	0	0	1	0	0	0	0	0	1	0	0	0	0
MKRN2	ENSG00000075975	ENST00000170447	protein_coding	0	0	0	3	0	0	0	0	0	3	0	0	0	0
MKRN2	ENSG00000075975	ENST00000411987	protein_coding	0	0	0	3	0	0	0	0	0	3	0	0	0	0
MKRN2	ENSG00000075975	ENST00000448482	protein_coding	0	0	0	3	0	0	0	0	0	3	0	0	0	0
MLH1	ENSG00000076242	ENST00000231790	protein_coding	0	0	0	1	0	0	0	0	0	1	0	0	0	0
MLH1	ENSG00000076242	ENST00000429117	protein_coding	0	0	0	1	0	0	0	0	0	1	0	0	0	0
MLH1	ENSG00000076242	ENST00000435176	protein_coding	0	0	0	1	0	0	0	0	0	1	0	0	0	0
MLH1	ENSG00000076242	ENST00000441265	protein_coding	0	0	0	1	0	0	0	0	0	1	0	0	0	0
MLH1	ENSG00000076242	ENST00000455445	protein_coding	0	0	0	1	0	0	0	0	0	1	0	0	0	0
MLH1	ENSG00000076242	ENST00000456676	protein_coding	0	0	0	1	0	0	0	0	0	1	0	0	0	0
MLH1	ENSG00000076242	ENST00000458205	protein_coding	0	0	0	1	0	0	0	0	0	1	0	0	0	0
MLH1	ENSG00000076242	ENST00000536378	protein_coding	0	0	0	1	0	0	0	0	0	1	0	0	0	0
MLH1	ENSG00000076242	ENST00000539477	protein_coding	0	0	0	1	0	0	0	0	0	1	0	0	0	0
MTOR	ENSG00000198793	ENST00000361445	protein_coding	0	0	0	4	0	0	0	0	0	4	0	0	0	0
MYO1D	ENSG00000176658	ENST00000318217	protein_coding	0	0	0	4	0	0	0	0	0	4	0	0	0	0
MYO1D	ENSG00000176658	ENST00000394649	protein_coding	0	0	0	3	0	0	0	0	0	3	0	0	0	0
MYO1D	ENSG00000176658	ENST00000579584	protein_coding	0	0	0	4	0	0	0	0	0	4	0	0	0	0
MYO1D	ENSG00000176658	ENST00000583621	protein_coding	0	0	0	4	0	0	0	0	0	4	0	0	0	0
MYOZ3	ENSG00000164591	ENST00000297130	protein_coding	0	0	0	2	1	0	0	1	0	0	0	0	0	0
MYOZ3	ENSG00000164591	ENST00000517768	protein_coding	0	0	0	2	0	0	0	2	0	0	0	0	0	0
MYOZ3	ENSG00000164591	ENST00000520112	protein_coding	0	0	0	1	0	0	0	1	0	0	0	0	0	0
NAA25	ENSG00000111300	ENST00000261745	protein_coding	0	0	0	2	0	0	0	0	0	2	0	0	0	0
NHSL2	ENSG00000204131	ENST00000540800	protein_coding	0	0	0	13	0	0	0	0	0	13	0	0	0	0
NUCKS1	ENSG00000069275	ENST00000367142	protein_coding	0	0	0	4	0	0	0	4	0	0	0	0	0	0
NYX	ENSG00000188937	ENST00000342595	protein_coding	0	0	0	1	0	0	0	1	0	0	0	0	0	0
NYX	ENSG00000188937	ENST00000378220	protein_coding	0	0	0	1	0	0	0	1	0	0	0	0	0	0
PAX2	ENSG00000075891	ENST00000355243	protein_coding	0	0	0	1	0	0	0	0	0	0	0	0	0	1
PAX2	ENSG00000075891	ENST00000361791	protein_coding	0	0	0	1	0	0	0	0	0	0	0	0	0	1
PAX2	ENSG00000075891	ENST00000370296	protein_coding	0	0	0	1	0	0	0	0	0	0	0	0	0	1
PAX2	ENSG00000075891	ENST00000427256	protein_coding	0	0	0	1	0	0	0	0	0	0	0	0	0	1
PAX2	ENSG00000075891	ENST00000428433	protein_coding	0	0	0	1	0	0	0	0	0	0	0	0	0	1
PAX2	ENSG00000075891	ENST00000554172	protein_coding	0	0	0	1	0	0	0	0	0	0	0	0	0	1
PAX2	ENSG00000075891	ENST00000556085	protein_coding	0	0	0	1	0	0	0	0	0	0	0	0	0	1
PDGFRA	ENSG00000134853	ENST00000257290	protein_coding	0	0	0	1	0	0	0	0	0	1	0	0	0	0
PDGFRA	ENSG00000134853	ENST00000503856	protein_coding	0	0	0	1	0	0	0	0	0	1	0	0	0	0
PDGFRA	ENSG00000134853	ENST00000504461	protein_coding	0	0	0	1	0	0	0	0	0	1	0	0	0	0
PDGFRA	ENSG00000134853	ENST00000508170	protein_coding	0	0	0	1	0	0	0	0	0	1	0	0	0	0
PDGFRA	ENSG00000134853	ENST00000512143	protein_coding	0	0	0	1	0	0	0	0	0	1	0	0	0	0
PDGFRA	ENSG00000134853	ENST00000512522	protein_coding	0	0	0	1	0	0	0	0	0	1	0	0	0	0
PHLDB1	ENSG00000019144	ENST00000356063	protein_coding	1	0	0	10	0	0	0	0	1	7	0	0	0	3
PHLDB1	ENSG00000019144	ENST00000361417	protein_coding	1	0	0	12	0	0	0	0	1	7	0	0	0	5
PHLDB1	ENSG00000019144	ENST00000524713	protein_coding	0	0	0	1	0	0	0	0	0	0	0	0	0	1
PHLDB1	ENSG00000019144	ENST00000527898	protein_coding	0	0	0	3	0	0	0	0	0	1	0	0	0	2
PLD3	ENSG00000105223	ENST00000356508	protein_coding	0	0	0	1	0	0	0	0	0	0	0	0	0	1
PLD3	ENSG00000105223	ENST00000392032	protein_coding	0	0	0	1	0	0	0	0	0	0	0	0	0	1
PLD3	ENSG00000105223	ENST00000409419	protein_coding	0	0	0	1	0	0	0	0	0	0	0	0	0	1
PLD3	ENSG00000105223	ENST00000409587	protein_coding	0	0	0	1	0	0	0	0	0	0	0	0	0	1
PLD3	ENSG00000105223	ENST00000409735	protein_coding	0	0	0	1	0	0	0	0	0	0	0	0	0	1
PLD3	ENSG00000105223	ENST00000594908	protein_coding	0	0	0	1	0	0	0	0	0	0	0	0	0	1
PLD3	ENSG00000105223	ENST00000596682	protein_coding	0	0	0	1	0	0	0	0	0	0	0	0	0	1
PLD3	ENSG00000105223	ENST00000598962	protein_coding	0	0	0	1	0	0	0	0	0	0	0	0	0	1
PLD3	ENSG00000105223	ENST00000599685	protein_coding	0	0	0	1	0	0	0	0	0	0	0	0	0	1
PLD3	ENSG00000105223	ENST00000600948	protein_coding	0	0	0	1	0	0	0	0	0	0	0	0	0	1
PLD3	ENSG00000105223	ENST00000602131	protein_coding	0	0	0	1	0	0	0	0	0	0	0	0	0	1
PNLDC1	ENSG00000146453	ENST00000392167	protein_coding	0	0	0	2	1	0	0	1	0	0	0	0	0	0
PNLDC1	ENSG00000146453	ENST00000610273	protein_coding	0	0	0	2	1	0	0	1	0	0	0	0	0	0
PRDM6	ENSG00000061455	ENST00000407847	protein_coding	0	0	0	2	0	0	0	0	0	2	0	0	0	0
PRRC2B	ENSG00000130723	ENST00000357304	protein_coding	0	0	0	1	0	0	0	0	0	1	0	0	0	0
PRRC2B	ENSG00000130723	ENST00000372249	protein_coding	0	0	0	1	0	0	0	0	0	1	0	0	0	0
PRRC2B	ENSG00000130723	ENST00000405995	protein_coding	0	0	0	1	0	0	0	0	0	1	0	0	0	0
PRRC2B	ENSG00000130723	ENST00000422467	protein_coding	0	0	0	1	0	0	0	0	0	0	0	0	0	1
PRRC2B	ENSG00000130723	ENST00000458550	protein_coding	0	0	0	1	0	0	0	0	0	1	0	0	0	0
PTCD1	ENSG00000106246	ENST00000292478	protein_coding	0	0	0	1	0	0	0	1	0	0	0	0	0	0
PTGES2	ENSG00000148334	ENST00000277462	protein_coding	0	0	0	1	0	0	0	1	0	0	0	0	0	0
PTGES2	ENSG00000148334	ENST00000338961	protein_coding	0	0	0	1	0	0	0	1	0	0	0	0	0	0
RARB	ENSG00000077092	ENST00000383772	protein_coding	0	0	0	1	0	0	0	0	0	1	0	0	0	0
RARB	ENSG00000077092	ENST00000404969	protein_coding	0	0	0	1	0	0	0	0	0	1	0	0	0	0
RIPPLY3	ENSG00000183145	ENST00000329553	protein_coding	0	0	0	6	2	0	0	1	0	3	0	0	0	0
RNF150	ENSG00000170153	ENST00000306799	protein_coding	0	0	0	1	0	0	0	0	0	1	0	0	0	0
RNF150	ENSG00000170153	ENST00000420921	protein_coding	0	0	0	1	0	0	0	0	0	1	0	0	0	0
RNF150	ENSG00000170153	ENST00000507500	protein_coding	0	0	0	1	0	0	0	0	0	1	0	0	0	0
RNF150	ENSG00000170153	ENST00000515673	protein_coding	0	0	0	1	0	0	0	0	0	1	0	0	0	0
RXFP2	ENSG00000133105	ENST00000298386	protein_coding	0	0	0	3	0	0	0	1	0	2	0	0	0	0
RXFP2	ENSG00000133105	ENST00000380314	protein_coding	0	0	0	3	0	0	0	1	0	2	0	0	0	0
RXRG	ENSG00000143171	ENST00000359842	protein_coding	0	0	0	2	0	0	0	0	0	2	0	0	0	0
SCN4A	ENSG00000007314	ENST00000435607	protein_coding	0	0	0	1	0	0	0	0	0	1	0	0	0	0
SCN4A	ENSG00000007314	ENST00000578147	protein_coding	0	0	0	1	0	0	0	0	0	1	0	0	0	0
SDCCAG8	ENSG00000054282	ENST00000343783	protein_coding	0	0	0	3	0	0	0	0	0	3	0	0	0	0
SDCCAG8	ENSG00000054282	ENST00000355875	protein_coding	0	0	0	3	0	0	0	0	0	3	0	0	0	0
SDCCAG8	ENSG00000054282	ENST00000366541	protein_coding	0	0	0	3	0	0	0	0	0	3	0	0	0	0
SDCCAG8	ENSG00000054282	ENST00000435549	protein_coding	0	0	0	3	0	0	0	0	0	3	0	0	0	0
SFTA2	ENSG00000196260	ENST00000359086	protein_coding	0	0	0	2	0	1	0	1	0	0	0	0	0	0
SLC34A2	ENSG00000157765	ENST00000382051	protein_coding	0	0	0	1	0	0	0	0	0	1	0	0	0	0
SLC34A2	ENSG00000157765	ENST00000503434	protein_coding	0	0	0	1	0	0	0	0	0	1	0	0	0	0
SLC34A2	ENSG00000157765	ENST00000504570	protein_coding	0	0	0	1	0	0	0	0	0	1	0	0	0	0
SLC34A2	ENSG00000157765	ENST00000507530	protein_coding	0	0	0	1	0	0	0	1	0	0	0	0	0	0
SLC34A2	ENSG00000157765	ENST00000513204	protein_coding	0	0	0	1	0	0	0	1	0	0	0	0	0	0
SOD2	ENSG00000112096	ENST00000401980	protein_coding	0	0	0	1	0	0	0	0	0	1	0	0	0	0
SOD2	ENSG00000112096	ENST00000535561	protein_coding	0	0	0	1	0	0	0	0	0	1	0	0	0	0
SOD2	ENSG00000112096	ENST00000537657	protein_coding	0	0	0	1	0	0	0	0	0	1	0	0	0	0
SOD2	ENSG00000112096	ENST00000545162	protein_coding	0	0	0	1	0	0	0	0	0	1	0	0	0	0
SOD2	ENSG00000112096	ENST00000546087	protein_coding	0	0	0	1	0	0	0	0	0	1	0	0	0	0
SP110	ENSG00000135899	ENST00000258381	protein_coding	0	0	0	2	0	0	0	0	0	2	0	0	0	0
SP110	ENSG00000135899	ENST00000258382	protein_coding	0	0	0	2	0	0	0	0	0	2	0	0	0	0
SP110	ENSG00000135899	ENST00000338556	protein_coding	0	0	0	2	0	0	0	0	0	2	0	0	0	0
SP110	ENSG00000135899	ENST00000358662	protein_coding	0	0	0	2	0	0	0	0	0	2	0	0	0	0
SP110	ENSG00000135899	ENST00000392048	protein_coding	0	0	0	2	0	0	0	0	0	2	0	0	0	0
SP110	ENSG00000135899	ENST00000409815	protein_coding	0	0	0	1	0	0	0	0	0	1	0	0	0	0
SP110	ENSG00000135899	ENST00000416610	protein_coding	0	0	0	1	0	0	0	0	0	1	0	0	0	0
SP110	ENSG00000135899	ENST00000455674	protein_coding	0	0	0	1	0	0	0	0	0	1	0	0	0	0
SP110	ENSG00000135899	ENST00000540870	protein_coding	0	0	0	2	0	0	0	0	0	2	0	0	0	0
SP140	ENSG00000079263	ENST00000343805	protein_coding	0	0	0	2	0	0	0	0	0	2	0	0	0	0
SP140	ENSG00000079263	ENST00000350136	protein_coding	0	0	0	2	0	0	0	0	0	2	0	0	0	0
SP140	ENSG00000079263	ENST00000392045	protein_coding	0	0	0	2	0	0	0	0	0	2	0	0	0	0
SP140	ENSG00000079263	ENST00000417495	protein_coding	0	0	0	2	0	0	0	0	0	2	0	0	0	0
SP140	ENSG00000079263	ENST00000420434	protein_coding	0	0	0	2	0	0	0	0	0	2	0	0	0	0
SP140	ENSG00000079263	ENST00000456542	protein_coding	0	0	0	1	0	0	0	0	0	1	0	0	0	0
SP140	ENSG00000079263	ENST00000486687	protein_coding	0	0	0	2	0	0	0	0	0	2	0	0	0	0
SPACA3	ENSG00000141316	ENST00000580599	protein_coding	0	0	0	3	0	0	0	0	0	2	0	0	0	1
SRM	ENSG00000116649	ENST00000376957	protein_coding	0	0	0	2	0	0	0	1	0	0	0	0	0	1
SRM	ENSG00000116649	ENST00000465788	protein_coding	0	0	0	2	0	0	0	1	0	0	0	0	0	1
SRM	ENSG00000116649	ENST00000487300	protein_coding	0	0	0	2	0	0	0	1	0	0	0	0	0	1
SRM	ENSG00000116649	ENST00000490101	protein_coding	0	0	0	1	0	0	0	1	0	0	0	0	0	0
ST7	ENSG00000004866	ENST00000265437	protein_coding	0	0	0	1	0	0	0	0	0	1	0	0	0	0
ST7	ENSG00000004866	ENST00000323984	protein_coding	0	0	0	1	0	0	0	0	0	1	0	0	0	0
ST7	ENSG00000004866	ENST00000393443	protein_coding	0	0	0	1	0	0	0	0	0	1	0	0	0	0
ST7	ENSG00000004866	ENST00000393444	protein_coding	0	0	0	1	0	0	0	0	0	1	0	0	0	0
ST7	ENSG00000004866	ENST00000393446	protein_coding	0	0	0	1	0	0	0	0	0	1	0	0	0	0
ST7	ENSG00000004866	ENST00000393447	protein_coding	0	0	0	1	0	0	0	0	0	1	0	0	0	0
ST7	ENSG00000004866	ENST00000393449	protein_coding	0	0	0	1	0	0	0	0	0	1	0	0	0	0
ST7	ENSG00000004866	ENST00000393451	protein_coding	0	0	0	1	0	0	0	0	0	1	0	0	0	0
ST7	ENSG00000004866	ENST00000417919	protein_coding	0	0	0	1	0	0	0	0	0	1	0	0	0	0
ST7	ENSG00000004866	ENST00000420755	protein_coding	0	0	0	1	0	0	0	0	0	1	0	0	0	0
ST7	ENSG00000004866	ENST00000421345	protein_coding	0	0	0	1	0	0	0	0	0	1	0	0	0	0
ST7	ENSG00000004866	ENST00000422922	protein_coding	0	0	0	1	0	0	0	0	0	1	0	0	0	0
ST7	ENSG00000004866	ENST00000432298	protein_coding	0	0	0	1	0	0	0	0	0	1	0	0	0	0
ST7	ENSG00000004866	ENST00000434836	protein_coding	0	0	0	1	0	0	0	0	0	1	0	0	0	0
ST7	ENSG00000004866	ENST00000446490	protein_coding	0	0	0	1	0	0	0	0	0	1	0	0	0	0
ST7	ENSG00000004866	ENST00000449366	protein_coding	0	0	0	1	0	0	0	0	0	1	0	0	0	0
ST7	ENSG00000004866	ENST00000465133	protein_coding	0	0	0	1	0	0	0	0	0	1	0	0	0	0
ST7	ENSG00000004866	ENST00000477742	protein_coding	0	0	0	1	0	0	0	0	0	1	0	0	0	0
STAT5B	ENSG00000173757	ENST00000293328	protein_coding	0	0	0	2	1	0	0	0	0	1	0	0	0	0
TEX2	ENSG00000136478	ENST00000258991	protein_coding	0	0	0	1	0	0	0	0	0	1	0	0	0	0
TEX2	ENSG00000136478	ENST00000583097	protein_coding	0	0	0	1	0	0	0	0	0	1	0	0	0	0
TEX2	ENSG00000136478	ENST00000583501	protein_coding	0	0	0	1	0	0	0	0	0	1	0	0	0	0
TEX2	ENSG00000136478	ENST00000584379	protein_coding	0	0	0	1	0	0	0	0	0	1	0	0	0	0
THY1	ENSG00000154096	ENST00000284240	protein_coding	0	0	0	1	0	0	0	1	0	0	0	0	0	0
THY1	ENSG00000154096	ENST00000524659	protein_coding	0	0	0	1	0	0	0	1	0	0	0	0	0	0
THY1	ENSG00000154096	ENST00000524970	protein_coding	0	0	0	1	0	0	0	1	0	0	0	0	0	0
THY1	ENSG00000154096	ENST00000528522	protein_coding	0	0	0	1	0	0	0	1	0	0	0	0	0	0
THY1	ENSG00000154096	ENST00000580275	protein_coding	0	0	0	1	0	0	0	1	0	0	0	0	0	0
TMEM117	ENSG00000139173	ENST00000266534	protein_coding	0	0	0	2	0	0	0	0	0	2	0	0	0	0
TMEM117	ENSG00000139173	ENST00000536799	protein_coding	0	0	0	2	0	0	0	0	0	2	0	0	0	0
TMEM117	ENSG00000139173	ENST00000550495	protein_coding	0	0	0	2	0	0	0	0	0	2	0	0	0	0
TMEM117	ENSG00000139173	ENST00000551577	protein_coding	0	0	0	2	0	0	0	0	0	2	0	0	0	0
TRAP1	ENSG00000126602	ENST00000246957	protein_coding	0	0	0	12	0	0	0	0	0	11	0	0	0	1
TRAP1	ENSG00000126602	ENST00000538171	protein_coding	0	0	0	12	0	0	0	0	0	11	0	0	0	1
TRAP1	ENSG00000126602	ENST00000571538	protein_coding	0	0	0	10	0	0	0	4	0	6	0	0	0	0
TRAP1	ENSG00000126602	ENST00000575671	protein_coding	0	0	0	6	0	2	0	0	0	0	0	0	0	4
TRAP1	ENSG00000126602	ENST00000576335	protein_coding	0	0	0	10	0	0	0	0	0	8	0	0	0	2
TRIM7	ENSG00000146054	ENST00000274773	protein_coding	0	0	0	3	1	0	0	1	0	1	0	0	0	0
TRIM7	ENSG00000146054	ENST00000334421	protein_coding	0	0	0	1	0	0	0	1	0	0	0	0	0	0
TRIM7	ENSG00000146054	ENST00000361809	protein_coding	0	0	0	3	1	0	0	1	0	1	0	0	0	0
TRIM7	ENSG00000146054	ENST00000393315	protein_coding	0	0	0	3	1	0	0	1	0	1	0	0	0	0
TRIM7	ENSG00000146054	ENST00000393319	protein_coding	0	0	0	3	0	0	0	2	0	1	0	0	0	0
TRIM7	ENSG00000146054	ENST00000422067	protein_coding	0	0	0	3	0	0	0	2	0	1	0	0	0	0
TSEN2	ENSG00000154743	ENST00000412698	protein_coding	0	0	0	1	0	0	0	1	0	0	0	0	0	0
TSSK1B	ENSG00000212122	ENST00000390666	protein_coding	0	0	0	1	0	0	0	0	0	0	0	0	0	1
VARS2	ENSG00000137411	ENST00000321897	protein_coding	0	0	0	1	0	0	0	1	0	0	0	0	0	0
VARS2	ENSG00000137411	ENST00000416670	protein_coding	0	0	0	1	0	0	0	1	0	0	0	0	0	0
VARS2	ENSG00000137411	ENST00000541562	protein_coding	0	0	0	1	0	0	0	1	0	0	0	0	0	0
VARS2	ENSG00000137411	ENST00000542001	protein_coding	0	0	0	1	0	0	0	1	0	0	0	0	0	0
VWA5B1	ENSG00000158816	ENST00000289815	protein_coding	0	0	0	1	0	0	0	0	0	1	0	0	0	0
VWA5B1	ENSG00000158816	ENST00000289825	protein_coding	0	0	0	1	0	0	0	0	0	1	0	0	0	0
VWA5B1	ENSG00000158816	ENST00000375079	protein_coding	0	0	0	1	0	0	0	0	0	1	0	0	0	0
VWA5B1	ENSG00000158816	ENST00000375083	protein_coding	0	0	0	1	0	0	0	0	0	1	0	0	0	0
WT1	ENSG00000184937	ENST00000332351	protein_coding	0	0	0	1	0	0	0	0	0	1	0	0	0	0
WT1	ENSG00000184937	ENST00000379079	protein_coding	0	0	0	1	0	0	0	0	0	1	0	0	0	0
WT1	ENSG00000184937	ENST00000448076	protein_coding	0	0	0	1	0	0	0	0	0	1	0	0	0	0
WT1	ENSG00000184937	ENST00000452863	protein_coding	0	0	0	1	0	0	0	0	0	1	0	0	0	0
WT1	ENSG00000184937	ENST00000526685	protein_coding	0	0	0	1	0	0	0	1	0	0	0	0	0	0
WT1	ENSG00000184937	ENST00000527775	protein_coding	0	0	0	1	0	0	0	1	0	0	0	0	0	0
WT1	ENSG00000184937	ENST00000527882	protein_coding	0	0	0	1	0	0	0	0	0	1	0	0	0	0
WT1	ENSG00000184937	ENST00000530998	protein_coding	0	0	0	1	0	0	0	0	0	1	0	0	0	0
YES1	ENSG00000176105	ENST00000314574	protein_coding	0	0	1	0	0	0	0	0	0	0	1	0	0	0
YES1	ENSG00000176105	ENST00000577961	protein_coding	0	0	1	0	0	0	0	0	0	0	1	0	0	0
YES1	ENSG00000176105	ENST00000584307	protein_coding	0	0	1	0	0	0	0	0	0	0	1	0	0	0
YIPF2	ENSG00000130733	ENST00000253031	protein_coding	0	0	0	1	0	0	0	0	0	1	0	0	0	0
YIPF2	ENSG00000130733	ENST00000585858	protein_coding	0	0	0	1	0	0	0	0	0	1	0	0	0	0
YIPF2	ENSG00000130733	ENST00000586575	protein_coding	0	0	0	1	0	0	0	0	0	1	0	0	0	0
YIPF2	ENSG00000130733	ENST00000586748	protein_coding	0	0	0	1	0	0	0	0	0	1	0	0	0	0
YIPF2	ENSG00000130733	ENST00000587943	protein_coding	0	0	0	1	0	0	0	0	0	1	0	0	0	0
YIPF2	ENSG00000130733	ENST00000588347	protein_coding	0	0	0	1	0	0	0	0	0	1	0	0	0	0
YIPF2	ENSG00000130733	ENST00000589971	protein_coding	0	0	0	1	0	0	0	0	0	0	0	0	0	1
YIPF2	ENSG00000130733	ENST00000590329	protein_coding	0	0	0	1	0	0	0	0	0	1	0	0	0	0
YIPF2	ENSG00000130733	ENST00000591872	protein_coding	0	0	0	1	0	0	0	0	0	0	0	0	0	1
YIPF2	ENSG00000130733	ENST00000592646	protein_coding	0	0	0	1	0	0	0	0	0	0	0	0	0	1
ZNF33B	ENSG00000196693	ENST00000359467	protein_coding	0	0	0	6	0	0	0	0	0	6	0	0	0	0
ZNF341	ENSG00000131061	ENST00000342427	protein_coding	0	0	0	1	0	0	0	0	0	1	0	0	0	0
ZNF341	ENSG00000131061	ENST00000375200	protein_coding	0	0	0	1	0	0	0	0	0	1	0	0	0	0
ZNF398	ENSG00000197024	ENST00000426851	protein_coding	0	0	0	1	0	0	0	0	0	1	0	0	0	0
ZNF425	ENSG00000204947	ENST00000378061	protein_coding	0	0	0	3	0	0	0	0	0	2	0	0	0	1
ZNF425	ENSG00000204947	ENST00000483014	protein_coding	0	0	0	3	0	0	0	0	0	2	0	0	0	1
ZNF75D	ENSG00000186376	ENST00000370764	protein_coding	0	0	0	2	0	0	0	1	0	1	0	0	0	0
ZNF75D	ENSG00000186376	ENST00000370766	protein_coding	0	0	0	2	0	0	0	1	0	1	0	0	0	0
