# The following table is formatted as tab separated values. 
#GeneName	GeneId	TranscriptId	BioType	variants_impact_HIGH	variants_impact_LOW	variants_impact_MODERATE	variants_impact_MODIFIER	variants_effect_3_prime_UTR_variant	variants_effect_5_prime_UTR_premature_start_codon_gain_variant	variants_effect_5_prime_UTR_variant	variants_effect_disruptive_inframe_deletion	variants_effect_downstream_gene_variant	variants_effect_frameshift_variant	variants_effect_intron_variant	variants_effect_missense_variant	variants_effect_splice_acceptor_variant	variants_effect_splice_region_variant	variants_effect_stop_gained	variants_effect_synonymous_variant	variants_effect_upstream_gene_variant
ABL2	ENSG00000143322	ENST00000344730	protein_coding	0	0	0	11	0	0	0	0	0	0	1	0	0	0	0	0	10
ABL2	ENSG00000143322	ENST00000367623	protein_coding	0	0	0	23	0	0	0	0	0	0	23	0	0	0	0	0	0
ABL2	ENSG00000143322	ENST00000392043	protein_coding	0	0	0	23	0	0	0	0	0	0	23	0	0	0	0	0	0
ABL2	ENSG00000143322	ENST00000408940	protein_coding	0	0	0	11	0	0	0	0	0	0	1	0	0	0	0	0	10
ABL2	ENSG00000143322	ENST00000502732	protein_coding	0	0	0	23	0	0	0	0	0	0	23	0	0	0	0	0	0
ABL2	ENSG00000143322	ENST00000504405	protein_coding	0	0	0	11	0	0	0	0	0	0	1	0	0	0	0	0	10
ABL2	ENSG00000143322	ENST00000507173	protein_coding	0	0	0	23	0	0	0	0	0	0	23	0	0	0	0	0	0
ABL2	ENSG00000143322	ENST00000511413	protein_coding	0	0	0	23	0	0	0	0	0	0	23	0	0	0	0	0	0
ABL2	ENSG00000143322	ENST00000512653	protein_coding	0	0	0	11	0	0	0	0	0	0	1	0	0	0	0	0	10
AC119673.1	ENSG00000268313	ENST00000598338	protein_coding	0	0	0	23	0	0	0	0	0	0	0	0	0	0	0	0	23
ACTR5	ENSG00000101442	ENST00000243903	protein_coding	0	0	2	4	0	0	0	0	1	0	3	2	0	1	0	0	0
ADAM22	ENSG00000008277	ENST00000265727	protein_coding	0	0	0	15	0	0	0	0	0	0	14	0	0	0	0	0	1
ADAM22	ENSG00000008277	ENST00000315984	protein_coding	0	0	0	15	0	0	0	0	0	0	14	0	0	0	0	0	1
ADAM22	ENSG00000008277	ENST00000398201	protein_coding	0	0	0	15	0	0	0	0	0	0	14	0	0	0	0	0	1
ADAM22	ENSG00000008277	ENST00000398203	protein_coding	0	0	0	15	0	0	0	0	0	0	14	0	0	0	0	0	1
ADAM22	ENSG00000008277	ENST00000398204	protein_coding	0	0	0	15	0	0	0	0	0	0	14	0	0	0	0	0	1
ADAM22	ENSG00000008277	ENST00000398209	protein_coding	0	0	0	15	0	0	0	0	0	0	14	0	0	0	0	0	1
ADAM22	ENSG00000008277	ENST00000412441	protein_coding	0	0	0	15	0	0	0	0	0	0	14	0	0	0	0	0	1
ADAM22	ENSG00000008277	ENST00000439864	protein_coding	0	0	0	15	0	0	0	0	0	0	14	0	0	0	0	0	1
AE000662.92	ENSG00000259003	ENST00000557595	protein_coding	0	0	0	2	1	0	0	0	0	0	1	0	0	0	0	0	0
AL161450.1	ENSG00000268155	ENST00000601793	protein_coding	0	0	0	8	0	0	0	0	1	0	7	0	0	0	0	0	0
ALK	ENSG00000171094	ENST00000389048	protein_coding	0	0	0	7	0	0	0	0	0	0	7	0	0	0	0	0	0
ALK	ENSG00000171094	ENST00000431873	protein_coding	0	0	0	7	0	0	0	0	0	0	7	0	0	0	0	0	0
ANGPTL7	ENSG00000171819	ENST00000376819	protein_coding	0	0	0	3	1	0	0	0	1	0	0	0	0	0	0	0	1
AP000304.12	ENSG00000249209	ENST00000429238	protein_coding	0	0	0	1	0	0	0	0	0	0	1	0	0	0	0	0	0
AP4E1	ENSG00000081014	ENST00000261842	protein_coding	1	1	0	12	0	0	0	0	0	0	12	0	0	0	1	1	0
AP4E1	ENSG00000081014	ENST00000560508	protein_coding	1	1	0	12	0	0	0	0	0	0	12	0	0	0	1	1	0
ARCN1	ENSG00000095139	ENST00000264028	protein_coding	0	0	0	21	8	0	0	0	8	0	5	0	0	0	0	0	0
ARCN1	ENSG00000095139	ENST00000359415	protein_coding	0	0	0	21	8	0	0	0	8	0	5	0	0	0	0	0	0
ARCN1	ENSG00000095139	ENST00000392859	protein_coding	0	0	0	19	0	0	0	0	13	0	5	0	0	0	0	0	1
ARCN1	ENSG00000095139	ENST00000534182	protein_coding	0	0	0	21	7	0	0	0	5	0	9	0	0	0	0	0	0
ARHGEF33	ENSG00000214694	ENST00000409978	protein_coding	0	0	0	2	0	0	0	0	0	0	2	0	0	0	0	0	0
ARPC1A	ENSG00000241685	ENST00000262942	protein_coding	0	0	0	46	0	0	0	0	4	0	42	0	0	0	0	0	0
ARPC1A	ENSG00000241685	ENST00000432884	protein_coding	0	0	0	72	0	0	0	0	5	0	67	0	0	0	0	0	0
ARPC1B	ENSG00000130429	ENST00000252725	protein_coding	0	0	1	27	0	0	0	0	1	0	22	1	0	0	0	0	4
ARPC1B	ENSG00000130429	ENST00000414376	protein_coding	0	0	0	27	0	0	2	0	5	0	17	0	0	0	0	0	3
ARPC1B	ENSG00000130429	ENST00000417330	protein_coding	0	0	0	26	0	0	0	0	5	0	17	0	0	0	0	0	4
ARPC1B	ENSG00000130429	ENST00000418347	protein_coding	0	0	0	26	0	0	0	0	5	0	17	0	0	0	0	0	4
ARPC1B	ENSG00000130429	ENST00000427217	protein_coding	0	0	0	26	0	0	0	0	5	0	17	0	0	0	0	0	4
ARPC1B	ENSG00000130429	ENST00000429246	protein_coding	0	0	0	21	0	0	1	0	4	0	12	0	0	0	0	0	4
ARPC1B	ENSG00000130429	ENST00000431816	protein_coding	0	0	0	26	0	0	0	0	5	0	17	0	0	0	0	0	4
ARPC1B	ENSG00000130429	ENST00000443222	protein_coding	0	0	0	27	0	0	2	0	5	0	17	0	0	0	0	0	3
ARPC1B	ENSG00000130429	ENST00000451682	protein_coding	0	0	1	27	0	0	0	0	1	0	22	1	0	0	0	0	4
ARPC1B	ENSG00000130429	ENST00000455009	protein_coding	0	0	0	26	0	0	0	0	5	0	17	0	0	0	0	0	4
ARPC1B	ENSG00000130429	ENST00000458033	protein_coding	0	0	0	26	0	0	0	0	5	0	17	0	0	0	0	0	4
ASIC2	ENSG00000108684	ENST00000225823	protein_coding	0	0	0	16	1	0	0	0	6	0	9	0	0	0	0	0	0
ASIC2	ENSG00000108684	ENST00000359872	protein_coding	0	0	0	16	1	0	0	0	6	0	9	0	0	0	0	0	0
ATM	ENSG00000149311	ENST00000278616	protein_coding	0	1	3	5	0	0	0	0	1	0	4	3	0	0	0	1	0
ATM	ENSG00000149311	ENST00000452508	protein_coding	0	1	3	5	0	0	0	0	1	0	4	3	0	0	0	1	0
ATP5J2-PTCD1	ENSG00000248919	ENST00000413834	protein_coding	0	0	0	2	0	0	0	0	2	0	0	0	0	0	0	0	0
BICD2	ENSG00000185963	ENST00000356884	protein_coding	0	1	0	12	2	0	0	0	4	0	6	0	0	0	0	1	0
BICD2	ENSG00000185963	ENST00000375512	protein_coding	0	1	0	12	0	0	0	0	4	0	8	0	0	0	0	1	0
BRIP1	ENSG00000136492	ENST00000259008	protein_coding	1	1	1	4	0	0	0	0	0	1	4	1	0	0	0	1	0
BRIP1	ENSG00000136492	ENST00000577598	protein_coding	1	1	1	4	0	0	0	0	0	1	4	1	0	0	0	1	0
BRIP1	ENSG00000136492	ENST00000577913	protein_coding	0	0	0	3	0	0	0	0	3	0	0	0	0	0	0	0	0
BUD31	ENSG00000106245	ENST00000222969	protein_coding	0	0	0	13	0	0	0	0	0	0	11	0	0	0	0	0	2
BUD31	ENSG00000106245	ENST00000403633	protein_coding	0	0	0	13	0	0	0	0	0	0	11	0	0	0	0	0	2
BUD31	ENSG00000106245	ENST00000431419	protein_coding	0	0	0	11	0	0	0	0	0	0	0	0	0	0	0	0	11
BUD31	ENSG00000106245	ENST00000456893	protein_coding	0	0	0	13	0	0	0	0	0	0	8	0	0	0	0	0	5
C11orf65	ENSG00000166323	ENST00000393084	protein_coding	0	0	0	75	0	0	0	0	12	0	63	0	0	0	0	0	0
C11orf65	ENSG00000166323	ENST00000524755	protein_coding	0	0	0	41	0	0	0	0	0	0	38	0	0	0	0	0	3
C11orf65	ENSG00000166323	ENST00000525729	protein_coding	0	0	0	89	0	0	0	0	0	0	89	0	0	0	0	0	0
C11orf65	ENSG00000166323	ENST00000529391	protein_coding	0	0	0	75	0	0	0	0	12	0	52	0	0	0	0	0	11
C11orf65	ENSG00000166323	ENST00000533583	protein_coding	0	0	0	58	0	0	0	0	0	0	47	0	0	0	0	0	11
C19orf38	ENSG00000214212	ENST00000397820	protein_coding	0	0	0	3	0	0	0	0	3	0	0	0	0	0	0	0	0
C19orf38	ENSG00000214212	ENST00000592854	protein_coding	0	0	0	2	0	0	0	0	2	0	0	0	0	0	0	0	0
C19orf47	ENSG00000160392	ENST00000392035	protein_coding	0	0	0	3	0	0	0	0	0	0	3	0	0	0	0	0	0
C19orf47	ENSG00000160392	ENST00000580606	protein_coding	0	0	0	3	0	0	0	0	0	0	1	0	0	0	0	0	2
C19orf47	ENSG00000160392	ENST00000582006	protein_coding	0	0	0	3	0	0	0	0	0	0	3	0	0	0	0	0	0
C19orf47	ENSG00000160392	ENST00000582783	protein_coding	0	0	0	3	0	0	0	0	0	0	3	0	0	0	0	0	0
C19orf52	ENSG00000142444	ENST00000270502	protein_coding	0	1	1	3	0	0	0	0	2	0	0	1	0	0	0	1	1
C1QL1	ENSG00000131094	ENST00000253407	protein_coding	0	0	0	1	0	0	0	0	0	0	0	0	0	0	0	0	1
C2orf71	ENSG00000179270	ENST00000331664	protein_coding	1	0	1	0	0	0	0	0	0	1	0	1	0	0	0	0	0
C3orf83	ENSG00000225526	ENST00000564146	protein_coding	0	0	0	10	0	0	0	0	0	0	5	0	0	0	0	0	5
C9orf53	ENSG00000224854	ENST00000441769	protein_coding	0	0	0	1	0	0	0	0	1	0	0	0	0	0	0	0	0
CAMKV	ENSG00000164076	ENST00000296471	protein_coding	0	1	0	1	0	0	0	0	1	0	0	0	0	0	0	1	0
CAMKV	ENSG00000164076	ENST00000463537	protein_coding	0	1	0	1	0	0	0	0	1	0	0	0	0	0	0	1	0
CAMKV	ENSG00000164076	ENST00000466940	protein_coding	0	1	0	0	0	0	0	0	0	0	0	0	0	0	0	1	0
CAMKV	ENSG00000164076	ENST00000467248	protein_coding	0	1	0	0	0	0	0	0	0	0	0	0	0	0	0	1	0
CAMKV	ENSG00000164076	ENST00000477224	protein_coding	0	1	0	1	0	0	0	0	1	0	0	0	0	0	0	1	0
CAMKV	ENSG00000164076	ENST00000480398	protein_coding	0	0	0	1	0	0	0	0	1	0	0	0	0	0	0	0	0
CAMKV	ENSG00000164076	ENST00000488336	protein_coding	0	1	0	1	0	0	0	0	1	0	0	0	0	0	0	1	0
CARM1	ENSG00000142453	ENST00000327064	protein_coding	0	0	0	37	1	0	0	0	4	0	32	0	0	0	0	0	0
CARM1	ENSG00000142453	ENST00000344150	protein_coding	0	0	0	37	1	0	0	0	4	0	32	0	0	0	0	0	0
CARM1	ENSG00000142453	ENST00000586298	protein_coding	0	0	0	8	0	0	0	0	5	0	2	0	0	0	0	0	1
CARM1	ENSG00000142453	ENST00000588947	protein_coding	0	0	0	29	0	0	0	0	4	0	25	0	0	0	0	0	0
CCDC170	ENSG00000120262	ENST00000239374	protein_coding	0	0	0	1	0	0	0	0	1	0	0	0	0	0	0	0	0
CCDC170	ENSG00000120262	ENST00000367290	protein_coding	0	0	0	1	0	0	0	0	1	0	0	0	0	0	0	0	0
CD79B	ENSG00000007312	ENST00000006750	protein_coding	0	0	0	5	0	0	0	0	0	0	0	0	0	0	0	0	5
CD79B	ENSG00000007312	ENST00000349817	protein_coding	0	0	0	5	0	0	0	0	0	0	0	0	0	0	0	0	5
CD79B	ENSG00000007312	ENST00000392795	protein_coding	0	0	0	5	0	0	0	0	0	0	0	0	0	0	0	0	5
CDH1	ENSG00000039068	ENST00000261769	protein_coding	0	0	0	7	0	0	0	0	0	0	7	0	0	0	0	0	0
CDH1	ENSG00000039068	ENST00000422392	protein_coding	0	0	0	7	0	0	0	0	0	0	7	0	0	0	0	0	0
CDKN2A	ENSG00000147889	ENST00000304494	protein_coding	0	0	0	5	0	0	2	0	0	0	3	0	0	0	0	0	0
CDKN2A	ENSG00000147889	ENST00000361570	protein_coding	0	0	0	5	0	0	0	0	0	0	5	0	0	0	0	0	0
CDKN2A	ENSG00000147889	ENST00000446177	protein_coding	0	0	0	5	0	0	2	0	0	0	3	0	0	0	0	0	0
CDKN2A	ENSG00000147889	ENST00000479692	protein_coding	0	0	0	5	0	0	0	0	0	0	1	0	0	0	0	0	4
CDKN2A	ENSG00000147889	ENST00000494262	protein_coding	0	0	0	5	0	0	0	0	0	0	5	0	0	0	0	0	0
CDKN2A	ENSG00000147889	ENST00000497750	protein_coding	0	0	0	5	1	0	0	0	0	0	0	0	0	0	0	0	4
CDKN2A	ENSG00000147889	ENST00000498124	protein_coding	0	0	0	5	0	0	1	0	0	0	3	0	0	0	0	0	1
CDKN2A	ENSG00000147889	ENST00000498628	protein_coding	0	0	0	5	0	0	0	0	0	0	5	0	0	0	0	0	0
CDKN2A	ENSG00000147889	ENST00000530628	protein_coding	0	0	0	5	0	0	0	0	0	0	5	0	0	0	0	0	0
CDKN2A	ENSG00000147889	ENST00000578845	protein_coding	0	0	0	5	0	0	0	0	0	0	1	0	0	0	0	0	4
CDKN2A	ENSG00000147889	ENST00000579122	protein_coding	0	0	0	5	0	0	1	0	0	0	3	0	0	0	0	0	1
CDKN2A	ENSG00000147889	ENST00000579755	protein_coding	0	0	0	5	0	0	0	0	0	0	5	0	0	0	0	0	0
CDKN2B	ENSG00000147883	ENST00000276925	protein_coding	2	0	0	1	0	0	0	0	0	2	1	0	0	0	0	0	0
CDKN2B	ENSG00000147883	ENST00000380142	protein_coding	2	0	0	1	1	0	0	0	0	2	0	0	0	0	0	0	0
CDKN2B	ENSG00000147883	ENST00000539462	protein_coding	2	0	0	1	0	0	0	0	1	2	0	0	0	0	0	0	0
CHMP4B	ENSG00000101421	ENST00000217402	protein_coding	0	1	1	8	0	0	0	0	0	0	8	1	0	0	0	1	0
CLC	ENSG00000105205	ENST00000221804	protein_coding	0	0	0	1	0	0	0	0	0	0	0	0	0	0	0	0	1
CLIP4	ENSG00000115295	ENST00000401605	protein_coding	0	0	0	4	0	0	1	0	0	0	1	0	0	0	0	0	2
CLIP4	ENSG00000115295	ENST00000401617	protein_coding	0	0	0	4	0	0	1	0	0	0	1	0	0	0	0	0	2
CPS1	ENSG00000021826	ENST00000233072	protein_coding	0	0	0	5	0	0	0	0	0	0	4	0	0	0	0	0	1
CPS1	ENSG00000021826	ENST00000417946	protein_coding	0	0	0	5	0	0	0	0	0	0	5	0	0	0	0	0	0
CPS1	ENSG00000021826	ENST00000430249	protein_coding	0	0	0	5	0	0	0	0	0	0	5	0	0	0	0	0	0
CPS1	ENSG00000021826	ENST00000518043	protein_coding	0	0	0	5	0	0	0	0	0	0	5	0	0	0	0	0	0
CPS1	ENSG00000021826	ENST00000523702	protein_coding	0	0	0	5	0	0	0	0	0	0	5	0	0	0	0	0	0
CREBBP	ENSG00000005339	ENST00000262367	protein_coding	0	4	2	28	2	0	0	0	5	0	21	2	0	0	0	4	0
CREBBP	ENSG00000005339	ENST00000382070	protein_coding	0	4	2	26	2	0	0	0	3	0	21	2	0	0	0	4	0
CREBBP	ENSG00000005339	ENST00000570939	protein_coding	0	0	0	2	0	0	0	0	0	0	2	0	0	0	0	0	0
CREBBP	ENSG00000005339	ENST00000573517	protein_coding	0	0	0	2	0	0	0	0	0	0	2	0	0	0	0	0	0
CRTAC1	ENSG00000095713	ENST00000298819	protein_coding	0	0	0	3	0	0	0	0	0	0	0	0	0	0	0	0	3
CRTAC1	ENSG00000095713	ENST00000370591	protein_coding	0	0	0	3	0	0	0	0	0	0	0	0	0	0	0	0	3
CRTAC1	ENSG00000095713	ENST00000370597	protein_coding	0	0	0	3	0	0	0	0	0	0	0	0	0	0	0	0	3
CSH1	ENSG00000136488	ENST00000316193	protein_coding	0	0	1	11	0	0	0	0	4	0	7	1	0	0	0	0	0
CSH1	ENSG00000136488	ENST00000329882	protein_coding	0	1	7	4	0	0	0	0	4	0	0	7	0	0	0	1	0
CSH1	ENSG00000136488	ENST00000453363	protein_coding	0	0	0	12	0	0	0	0	4	0	8	0	0	0	0	0	0
CSH2	ENSG00000213218	ENST00000336844	protein_coding	0	0	0	12	0	0	1	0	6	0	1	0	0	0	0	0	4
CSH2	ENSG00000213218	ENST00000345366	protein_coding	0	0	0	12	0	0	1	0	6	0	1	0	0	0	0	0	4
CSH2	ENSG00000213218	ENST00000392886	protein_coding	0	0	0	12	0	0	1	0	6	0	1	0	0	0	0	0	4
CSH2	ENSG00000213218	ENST00000560142	protein_coding	0	0	0	12	0	0	1	0	6	0	1	0	0	0	0	0	4
CSHL1	ENSG00000204414	ENST00000259003	protein_coding	0	1	0	19	0	0	0	0	17	0	0	0	0	0	0	1	2
CSHL1	ENSG00000204414	ENST00000309894	protein_coding	0	1	0	19	0	0	0	0	17	0	0	0	0	0	0	1	2
CSHL1	ENSG00000204414	ENST00000346606	protein_coding	0	1	0	19	0	0	0	0	17	0	0	0	0	0	0	1	2
CSHL1	ENSG00000204414	ENST00000392824	protein_coding	0	0	0	22	0	0	0	0	17	0	5	0	0	0	0	0	0
CSHL1	ENSG00000204414	ENST00000438387	protein_coding	0	1	0	19	0	0	0	0	17	0	0	0	0	0	0	1	2
CSHL1	ENSG00000204414	ENST00000450719	protein_coding	0	0	0	20	1	0	0	0	17	0	0	0	0	0	0	0	2
CSHL1	ENSG00000204414	ENST00000561003	protein_coding	0	0	0	20	1	0	0	0	17	0	0	0	0	0	0	0	2
CTNNB1	ENSG00000168036	ENST00000349496	protein_coding	0	0	0	7	0	0	0	0	0	0	0	0	0	0	0	0	7
CTNNB1	ENSG00000168036	ENST00000396183	protein_coding	0	0	0	7	0	0	0	0	0	0	0	0	0	0	0	0	7
CTNNB1	ENSG00000168036	ENST00000396185	protein_coding	0	0	0	7	0	0	0	0	0	0	0	0	0	0	0	0	7
CTNNB1	ENSG00000168036	ENST00000405570	protein_coding	0	0	0	10	0	0	0	0	0	0	6	0	0	0	0	0	4
CTNNB1	ENSG00000168036	ENST00000426215	protein_coding	0	0	0	10	0	0	1	0	0	0	6	0	0	0	0	0	3
CTNNB1	ENSG00000168036	ENST00000431914	protein_coding	0	0	0	8	0	0	0	0	0	0	0	0	0	0	0	0	8
CTNNB1	ENSG00000168036	ENST00000433400	protein_coding	0	0	0	10	0	0	0	0	0	0	6	0	0	0	0	0	4
CTNNB1	ENSG00000168036	ENST00000450969	protein_coding	0	0	0	6	0	0	0	0	0	0	0	0	0	0	0	0	6
CTNNB1	ENSG00000168036	ENST00000453024	protein_coding	0	0	0	7	0	0	0	0	0	0	0	0	0	0	0	0	7
CXorf36	ENSG00000147113	ENST00000377934	protein_coding	0	0	1	15	0	0	0	0	2	0	6	1	0	0	0	0	7
CXorf36	ENSG00000147113	ENST00000398000	protein_coding	0	1	2	16	1	0	0	0	0	0	8	2	0	0	0	1	7
CYP26C1	ENSG00000187553	ENST00000285949	protein_coding	0	0	0	3	0	0	0	0	0	0	0	0	0	0	0	0	3
CYSLTR1	ENSG00000173198	ENST00000373304	protein_coding	0	0	0	5	0	0	0	0	0	0	5	0	0	0	0	0	0
DAD1	ENSG00000129562	ENST00000250498	protein_coding	0	0	0	3	0	0	0	0	2	0	1	0	0	0	0	0	0
DAD1	ENSG00000129562	ENST00000538631	protein_coding	0	0	0	3	0	0	0	0	2	0	1	0	0	0	0	0	0
DAD1	ENSG00000129562	ENST00000543337	protein_coding	0	0	0	3	0	0	0	0	2	0	1	0	0	0	0	0	0
DBF4	ENSG00000006634	ENST00000265728	protein_coding	2	0	0	14	0	0	1	0	3	2	10	0	0	0	0	0	0
DBH	ENSG00000123454	ENST00000263611	protein_coding	1	0	0	10	0	0	0	0	1	1	7	0	0	0	0	0	2
DBH	ENSG00000123454	ENST00000393056	protein_coding	1	0	0	10	0	0	0	0	0	1	8	0	0	0	0	0	2
DCAKD	ENSG00000172992	ENST00000310604	protein_coding	0	0	0	6	0	0	0	0	2	0	4	0	0	0	0	0	0
DCAKD	ENSG00000172992	ENST00000342350	protein_coding	0	0	0	12	0	0	0	0	6	0	6	0	0	0	0	0	0
DCAKD	ENSG00000172992	ENST00000452796	protein_coding	0	0	0	9	0	0	0	0	6	0	2	0	0	0	0	0	1
DCAKD	ENSG00000172992	ENST00000588499	protein_coding	0	0	0	8	0	0	0	0	2	0	6	0	0	0	0	0	0
DCAKD	ENSG00000172992	ENST00000593094	protein_coding	0	0	0	8	0	0	0	0	2	0	6	0	0	0	0	0	0
DCC	ENSG00000187323	ENST00000442544	protein_coding	0	0	0	4	0	0	0	0	1	0	3	0	0	0	0	0	0
DCC	ENSG00000187323	ENST00000581580	protein_coding	0	0	0	4	0	0	0	0	1	0	3	0	0	0	0	0	0
DCTN4	ENSG00000132912	ENST00000424236	protein_coding	0	0	0	9	0	0	0	0	0	0	9	0	0	0	0	0	0
DCTN4	ENSG00000132912	ENST00000446090	protein_coding	0	0	0	9	0	0	0	0	0	0	9	0	0	0	0	0	0
DCTN4	ENSG00000132912	ENST00000447998	protein_coding	0	0	0	9	0	0	0	0	0	0	9	0	0	0	0	0	0
DCTN4	ENSG00000132912	ENST00000518015	protein_coding	0	0	0	9	0	0	0	0	0	0	9	0	0	0	0	0	0
DCTN4	ENSG00000132912	ENST00000521533	protein_coding	0	0	0	9	0	0	0	0	0	0	9	0	0	0	0	0	0
DCTN4	ENSG00000132912	ENST00000521728	protein_coding	0	0	0	7	0	0	0	0	0	0	2	0	0	0	0	0	5
DDR2	ENSG00000162733	ENST00000367921	protein_coding	0	0	0	3	0	0	0	0	2	0	1	0	0	0	0	0	0
DDR2	ENSG00000162733	ENST00000367922	protein_coding	0	0	0	6	4	0	0	0	1	0	1	0	0	0	0	0	0
DDR2	ENSG00000162733	ENST00000415555	protein_coding	0	0	0	1	0	0	0	0	0	0	1	0	0	0	0	0	0
DDR2	ENSG00000162733	ENST00000446985	protein_coding	0	0	0	1	0	0	0	0	0	0	1	0	0	0	0	0	0
DHX57	ENSG00000163214	ENST00000295373	protein_coding	0	0	0	18	0	0	0	0	9	0	9	0	0	0	0	0	0
DHX57	ENSG00000163214	ENST00000442331	protein_coding	0	0	0	1	0	0	0	0	0	0	0	0	0	0	0	0	1
DHX57	ENSG00000163214	ENST00000452978	protein_coding	0	0	0	18	0	0	0	0	9	0	9	0	0	0	0	0	0
DLEC1	ENSG00000008226	ENST00000308059	protein_coding	0	0	0	2	0	0	0	0	0	0	2	0	0	0	0	0	0
DLEC1	ENSG00000008226	ENST00000346219	protein_coding	0	0	0	2	0	0	0	0	0	0	2	0	0	0	0	0	0
DLEC1	ENSG00000008226	ENST00000452631	protein_coding	0	0	0	2	0	0	0	0	0	0	2	0	0	0	0	0	0
DNAH2	ENSG00000183914	ENST00000389173	protein_coding	1	0	0	7	0	0	0	0	0	1	7	0	0	0	0	0	0
DNAH2	ENSG00000183914	ENST00000572933	protein_coding	1	0	0	7	0	0	0	0	0	1	7	0	0	0	0	0	0
DNAJC28	ENSG00000177692	ENST00000314399	protein_coding	0	0	0	2	0	0	0	0	2	0	0	0	0	0	0	0	0
DNAJC28	ENSG00000177692	ENST00000381947	protein_coding	0	0	0	2	0	0	0	0	2	0	0	0	0	0	0	0	0
DNAJC28	ENSG00000177692	ENST00000402202	protein_coding	0	0	0	2	0	0	0	0	2	0	0	0	0	0	0	0	0
DNASE1	ENSG00000213918	ENST00000575479	protein_coding	0	0	0	16	2	0	0	0	1	0	13	0	0	0	0	0	0
DPYD	ENSG00000188641	ENST00000370192	protein_coding	0	0	0	21	0	0	0	0	0	0	21	0	0	0	0	0	0
DSCAM	ENSG00000171587	ENST00000400454	protein_coding	0	2	1	107	0	0	0	0	0	0	107	1	0	0	0	2	0
DSCAM	ENSG00000171587	ENST00000404019	protein_coding	0	2	1	107	0	0	0	0	0	0	107	1	0	0	0	2	0
EFR3B	ENSG00000084710	ENST00000401432	protein_coding	0	0	0	2	0	0	0	0	0	0	2	0	0	0	0	0	0
EFR3B	ENSG00000084710	ENST00000402191	protein_coding	0	0	0	2	0	0	0	0	0	0	2	0	0	0	0	0	0
EFR3B	ENSG00000084710	ENST00000403714	protein_coding	0	0	0	2	0	0	0	0	0	0	2	0	0	0	0	0	0
EGFR	ENSG00000146648	ENST00000275493	protein_coding	0	0	0	19	0	0	0	0	0	0	19	0	0	0	0	0	0
EGFR	ENSG00000146648	ENST00000342916	protein_coding	0	0	0	19	0	0	0	0	0	0	19	0	0	0	0	0	0
EGFR	ENSG00000146648	ENST00000344576	protein_coding	0	0	0	19	0	0	0	0	0	0	19	0	0	0	0	0	0
EGFR	ENSG00000146648	ENST00000420316	protein_coding	0	0	0	19	0	0	0	0	0	0	19	0	0	0	0	0	0
EGFR	ENSG00000146648	ENST00000442591	protein_coding	0	0	0	19	0	0	0	0	0	0	19	0	0	0	0	0	0
EGFR	ENSG00000146648	ENST00000450046	protein_coding	0	0	0	8	0	0	0	0	0	0	5	0	0	0	0	0	3
EGFR	ENSG00000146648	ENST00000454757	protein_coding	0	0	0	8	0	0	0	0	0	0	5	0	0	0	0	0	3
EGFR	ENSG00000146648	ENST00000455089	protein_coding	0	0	0	19	0	0	0	0	0	0	19	0	0	0	0	0	0
EIF2B5	ENSG00000145191	ENST00000444495	protein_coding	0	0	0	5	0	0	0	0	0	0	5	0	0	0	0	0	0
EPHB3	ENSG00000182580	ENST00000330394	protein_coding	0	0	0	3	0	0	0	0	3	0	0	0	0	0	0	0	0
EPM2AIP1	ENSG00000178567	ENST00000322716	protein_coding	0	0	0	5	5	0	0	0	0	0	0	0	0	0	0	0	0
ERP29	ENSG00000089248	ENST00000261735	protein_coding	0	0	0	6	0	0	0	0	0	0	3	0	0	0	0	0	3
ERP29	ENSG00000089248	ENST00000455836	protein_coding	0	0	0	6	0	0	0	0	0	0	3	0	0	0	0	0	3
ERP29	ENSG00000089248	ENST00000546477	protein_coding	0	0	0	3	0	0	0	0	0	0	0	0	0	0	0	0	3
ERP29	ENSG00000089248	ENST00000552052	protein_coding	0	0	0	6	0	0	0	0	0	0	3	0	0	0	0	0	3
ESR1	ENSG00000091831	ENST00000404742	protein_coding	0	0	0	1	0	0	0	0	0	0	1	0	0	0	0	0	0
ESR1	ENSG00000091831	ENST00000440973	protein_coding	0	0	0	1	0	0	0	0	0	0	1	0	0	0	0	0	0
EXD1	ENSG00000178997	ENST00000314992	protein_coding	0	0	0	12	0	0	0	0	0	0	12	0	0	0	0	0	0
EXD1	ENSG00000178997	ENST00000458580	protein_coding	0	0	0	12	0	0	0	0	0	0	12	0	0	0	0	0	0
EXD1	ENSG00000178997	ENST00000558396	protein_coding	0	0	0	10	0	0	0	0	5	0	5	0	0	0	0	0	0
EXOC6	ENSG00000138190	ENST00000260762	protein_coding	0	0	0	4	0	0	0	0	3	0	1	0	0	0	0	0	0
EXOC6	ENSG00000138190	ENST00000371547	protein_coding	0	0	0	4	0	0	0	0	3	0	1	0	0	0	0	0	0
EXOC6	ENSG00000138190	ENST00000371552	protein_coding	0	0	0	4	0	0	0	0	3	0	1	0	0	0	0	0	0
EXOC6	ENSG00000138190	ENST00000443748	protein_coding	0	0	0	4	0	0	0	0	3	0	1	0	0	0	0	0	0
EXOSC10	ENSG00000171824	ENST00000304457	protein_coding	0	1	0	15	1	0	0	0	2	0	12	0	0	0	0	1	0
EXOSC10	ENSG00000171824	ENST00000376936	protein_coding	0	1	0	15	1	0	0	0	2	0	12	0	0	0	0	1	0
EXOSC10	ENSG00000171824	ENST00000544779	protein_coding	0	0	0	16	2	0	0	0	2	0	12	0	0	0	0	0	0
FAM102A	ENSG00000167106	ENST00000373084	protein_coding	0	0	0	1	0	0	0	0	0	0	0	0	0	0	0	0	1
FAM102A	ENSG00000167106	ENST00000373095	protein_coding	0	0	0	1	0	0	0	0	0	0	1	0	0	0	0	0	0
FAM160A1	ENSG00000164142	ENST00000435205	protein_coding	0	0	0	12	0	0	0	0	0	0	6	0	0	0	0	0	6
FAM160A1	ENSG00000164142	ENST00000503146	protein_coding	0	0	0	12	0	0	0	0	0	0	6	0	0	0	0	0	6
FAM160A1	ENSG00000164142	ENST00000505231	protein_coding	0	0	0	1	0	0	0	0	0	0	1	0	0	0	0	0	0
FAM160A1	ENSG00000164142	ENST00000512597	protein_coding	0	0	0	1	0	0	0	0	0	0	1	0	0	0	0	0	0
FAM160A1	ENSG00000164142	ENST00000513086	protein_coding	0	0	0	12	0	0	0	0	1	0	5	0	0	0	0	0	6
FAM160A1	ENSG00000164142	ENST00000513962	protein_coding	0	0	0	1	0	0	0	0	0	0	1	0	0	0	0	0	0
FAM179A	ENSG00000189350	ENST00000379558	protein_coding	0	1	1	34	0	0	0	0	0	0	34	1	0	0	0	1	0
FAM179A	ENSG00000189350	ENST00000401723	protein_coding	0	0	0	39	0	0	0	0	0	0	39	0	0	0	0	0	0
FAM179A	ENSG00000189350	ENST00000403861	protein_coding	0	1	1	34	0	0	0	0	0	0	34	1	0	0	0	1	0
FAM179A	ENSG00000189350	ENST00000420297	protein_coding	0	0	0	29	0	0	0	0	20	0	9	0	0	0	0	0	0
FANCD2	ENSG00000144554	ENST00000287647	protein_coding	0	0	0	2	0	0	0	0	2	0	0	0	0	0	0	0	0
FANCD2	ENSG00000144554	ENST00000383806	protein_coding	0	0	0	6	0	0	0	0	6	0	0	0	0	0	0	0	0
FANCD2	ENSG00000144554	ENST00000383807	protein_coding	0	0	0	6	0	0	0	0	6	0	0	0	0	0	0	0	0
FANCD2	ENSG00000144554	ENST00000419585	protein_coding	0	0	0	6	0	0	0	0	6	0	0	0	0	0	0	0	0
FANCD2OS	ENSG00000163705	ENST00000450660	protein_coding	0	0	0	8	0	0	0	0	2	0	4	0	0	0	0	0	2
FANCD2OS	ENSG00000163705	ENST00000453223	protein_coding	0	0	0	8	1	0	0	0	1	0	0	0	0	0	0	0	6
FANCD2OS	ENSG00000163705	ENST00000524279	protein_coding	0	0	0	8	0	0	0	0	0	0	6	0	0	0	0	0	2
FBXW11	ENSG00000072803	ENST00000265094	protein_coding	0	0	0	14	0	0	0	0	0	0	14	0	0	0	0	0	0
FBXW11	ENSG00000072803	ENST00000296933	protein_coding	0	0	0	14	0	0	0	0	0	0	14	0	0	0	0	0	0
FBXW11	ENSG00000072803	ENST00000393802	protein_coding	0	0	0	14	0	0	0	0	0	0	14	0	0	0	0	0	0
FBXW11	ENSG00000072803	ENST00000425623	protein_coding	0	0	0	14	0	0	0	0	0	0	14	0	0	0	0	0	0
FBXW11	ENSG00000072803	ENST00000517395	protein_coding	0	0	0	14	0	0	0	0	0	0	14	0	0	0	0	0	0
FBXW11	ENSG00000072803	ENST00000518752	protein_coding	0	0	0	12	0	0	0	0	0	0	6	0	0	0	0	0	6
FGFR3	ENSG00000068078	ENST00000260795	protein_coding	1	1	0	8	0	0	0	0	0	1	5	0	0	0	0	1	3
FGFR3	ENSG00000068078	ENST00000340107	protein_coding	0	0	0	10	0	0	0	0	0	0	7	0	0	0	0	0	3
FGFR3	ENSG00000068078	ENST00000352904	protein_coding	0	0	0	10	0	0	0	0	0	0	7	0	0	0	0	0	3
FGFR3	ENSG00000068078	ENST00000412135	protein_coding	0	0	0	10	0	0	0	0	0	0	7	0	0	0	0	0	3
FGFR3	ENSG00000068078	ENST00000440486	protein_coding	1	1	0	8	0	0	0	0	0	1	5	0	0	0	0	1	3
FGFR3	ENSG00000068078	ENST00000481110	protein_coding	1	1	0	8	0	0	0	0	0	1	5	0	0	0	0	1	3
FGFR3	ENSG00000068078	ENST00000507588	protein_coding	0	1	0	6	0	0	0	0	1	0	1	0	0	0	0	1	4
FIP1L1	ENSG00000145216	ENST00000306932	protein_coding	0	0	0	16	0	0	0	0	0	0	16	0	0	0	0	0	0
FIP1L1	ENSG00000145216	ENST00000337488	protein_coding	0	0	0	16	0	0	0	0	0	0	16	0	0	0	0	0	0
FIP1L1	ENSG00000145216	ENST00000358575	protein_coding	0	0	0	16	0	0	0	0	0	0	16	0	0	0	0	0	0
FIP1L1	ENSG00000145216	ENST00000507166	protein_coding	0	0	0	63	0	0	0	0	0	0	63	0	0	0	0	0	0
FIP1L1	ENSG00000145216	ENST00000507922	protein_coding	0	0	0	16	0	0	0	0	0	0	16	0	0	0	0	0	0
GART	ENSG00000159131	ENST00000361093	protein_coding	0	0	0	1	0	0	0	0	1	0	0	0	0	0	0	0	0
GART	ENSG00000159131	ENST00000381815	protein_coding	0	0	0	2	0	0	0	0	0	0	2	0	0	0	0	0	0
GART	ENSG00000159131	ENST00000381831	protein_coding	0	0	0	2	0	0	0	0	0	0	2	0	0	0	0	0	0
GART	ENSG00000159131	ENST00000381839	protein_coding	0	0	0	2	0	0	0	0	0	0	2	0	0	0	0	0	0
GART	ENSG00000159131	ENST00000543717	protein_coding	0	0	0	2	0	0	0	0	0	0	2	0	0	0	0	0	0
GEMIN6	ENSG00000152147	ENST00000281950	protein_coding	0	0	0	15	1	0	0	0	10	0	4	0	0	0	0	0	0
GEMIN6	ENSG00000152147	ENST00000409011	protein_coding	0	0	0	27	0	0	0	0	10	0	17	0	0	0	0	0	0
GEMIN6	ENSG00000152147	ENST00000409566	protein_coding	0	0	0	14	0	0	0	0	10	0	4	0	0	0	0	0	0
GH1	ENSG00000259384	ENST00000323322	protein_coding	0	2	1	2	0	0	0	0	2	0	0	1	0	0	0	2	0
GH1	ENSG00000259384	ENST00000342364	protein_coding	0	0	0	5	0	0	0	0	2	0	3	0	0	0	0	0	0
GH1	ENSG00000259384	ENST00000351388	protein_coding	0	2	1	2	0	0	0	0	2	0	0	1	0	0	0	2	0
GH1	ENSG00000259384	ENST00000458650	protein_coding	0	2	1	2	0	0	0	0	2	0	0	1	0	0	0	2	0
GH2	ENSG00000136487	ENST00000332800	protein_coding	0	0	0	7	0	0	0	0	5	0	0	0	0	0	0	0	2
GH2	ENSG00000136487	ENST00000423893	protein_coding	0	0	0	7	0	0	0	0	5	0	0	0	0	0	0	0	2
GH2	ENSG00000136487	ENST00000449787	protein_coding	0	0	0	7	0	0	0	0	5	0	0	0	0	0	0	0	2
GH2	ENSG00000136487	ENST00000456543	protein_coding	0	0	0	7	0	0	0	0	5	0	0	0	0	0	0	0	2
GNA11	ENSG00000088256	ENST00000078429	protein_coding	2	1	0	2	0	0	0	0	0	2	2	0	0	0	0	1	0
GNA11	ENSG00000088256	ENST00000587636	protein_coding	1	1	0	2	0	0	0	0	0	1	1	0	0	0	0	1	1
GRID1	ENSG00000182771	ENST00000327946	protein_coding	0	0	0	10	0	0	0	0	0	0	10	0	0	0	0	0	0
GSX1	ENSG00000169840	ENST00000302945	protein_coding	0	0	0	1	1	0	0	0	0	0	0	0	0	0	0	0	0
GTF2H4	ENSG00000213780	ENST00000259895	protein_coding	0	0	0	1	0	0	0	0	1	0	0	0	0	0	0	0	0
GTF2H4	ENSG00000213780	ENST00000376316	protein_coding	0	0	0	1	0	0	0	0	1	0	0	0	0	0	0	0	0
GTF3A	ENSG00000122034	ENST00000381140	protein_coding	0	1	0	3	0	0	0	0	3	0	0	0	0	0	0	1	0
GTF3A	ENSG00000122034	ENST00000439403	protein_coding	0	0	0	4	0	0	0	0	3	0	0	0	0	0	0	0	1
HIC2	ENSG00000169635	ENST00000407464	protein_coding	0	0	0	10	0	0	0	0	1	0	7	0	0	0	0	0	2
HIC2	ENSG00000169635	ENST00000407598	protein_coding	0	0	0	8	0	0	0	0	1	0	6	0	0	0	0	0	1
HIC2	ENSG00000169635	ENST00000443632	protein_coding	0	0	0	3	0	0	0	0	1	0	2	0	0	0	0	0	0
HRAS	ENSG00000174775	ENST00000311189	protein_coding	0	0	1	1	1	0	0	0	0	0	0	1	0	0	0	0	0
HRAS	ENSG00000174775	ENST00000397594	protein_coding	0	0	1	1	1	0	0	0	0	0	0	1	0	0	0	0	0
HRAS	ENSG00000174775	ENST00000397596	protein_coding	0	0	1	1	1	0	0	0	0	0	0	1	0	0	0	0	0
HRAS	ENSG00000174775	ENST00000417302	protein_coding	0	0	1	1	1	0	0	0	0	0	0	1	0	0	0	0	0
HRAS	ENSG00000174775	ENST00000451590	protein_coding	0	0	1	1	1	0	0	0	0	0	0	1	0	0	0	0	0
HSD17B7	ENSG00000132196	ENST00000254521	protein_coding	0	0	0	9	0	0	0	0	0	0	9	0	0	0	0	0	0
HSD17B7	ENSG00000132196	ENST00000367913	protein_coding	0	0	0	6	0	0	0	0	4	0	2	0	0	0	0	0	0
HSD17B7	ENSG00000132196	ENST00000367915	protein_coding	0	0	0	2	0	0	0	0	1	0	1	0	0	0	0	0	0
HSD17B7	ENSG00000132196	ENST00000367917	protein_coding	0	0	0	9	0	0	0	0	0	0	9	0	0	0	0	0	0
IFNGR2	ENSG00000159128	ENST00000290219	protein_coding	0	0	0	8	0	0	0	0	0	0	8	0	0	0	0	0	0
IFNGR2	ENSG00000159128	ENST00000381995	protein_coding	0	0	0	8	0	0	0	0	0	0	8	0	0	0	0	0	0
IFNGR2	ENSG00000159128	ENST00000405436	protein_coding	0	0	0	8	0	0	0	0	0	0	8	0	0	0	0	0	0
IFNGR2	ENSG00000159128	ENST00000421802	protein_coding	0	0	0	1	0	0	0	0	1	0	0	0	0	0	0	0	0
IFT46	ENSG00000118096	ENST00000264020	protein_coding	0	0	0	1	0	0	0	0	0	0	0	0	0	0	0	0	1
IFT46	ENSG00000118096	ENST00000264021	protein_coding	0	0	0	1	0	0	0	0	0	0	0	0	0	0	0	0	1
IFT46	ENSG00000118096	ENST00000528378	protein_coding	0	0	0	3	0	0	0	0	0	0	1	0	0	0	0	0	2
IFT46	ENSG00000118096	ENST00000530872	protein_coding	0	0	0	1	0	0	0	0	0	0	0	0	0	0	0	0	1
IFT46	ENSG00000118096	ENST00000533918	protein_coding	0	0	0	3	0	0	0	0	0	0	1	0	0	0	0	0	2
IFT46	ENSG00000118096	ENST00000534114	protein_coding	0	0	0	3	0	0	0	0	0	0	1	0	0	0	0	0	2
IFT46	ENSG00000118096	ENST00000534156	protein_coding	0	0	0	1	0	0	0	0	0	0	0	0	0	0	0	0	1
IKZF1	ENSG00000185811	ENST00000331340	protein_coding	0	0	0	13	0	0	0	0	0	0	13	0	0	0	0	0	0
IKZF1	ENSG00000185811	ENST00000343574	protein_coding	0	0	0	13	0	0	0	0	0	0	13	0	0	0	0	0	0
IKZF1	ENSG00000185811	ENST00000346667	protein_coding	0	0	0	13	0	0	0	0	0	0	13	0	0	0	0	0	0
IKZF1	ENSG00000185811	ENST00000349824	protein_coding	0	0	0	13	0	0	0	0	0	0	13	0	0	0	0	0	0
IKZF1	ENSG00000185811	ENST00000357364	protein_coding	0	0	0	13	0	0	0	0	0	0	13	0	0	0	0	0	0
IKZF1	ENSG00000185811	ENST00000359197	protein_coding	0	0	0	13	0	0	0	0	0	0	13	0	0	0	0	0	0
IKZF1	ENSG00000185811	ENST00000413698	protein_coding	0	0	0	13	0	0	0	0	0	0	13	0	0	0	0	0	0
IKZF1	ENSG00000185811	ENST00000426121	protein_coding	0	0	0	12	0	0	0	0	0	0	12	0	0	0	0	0	0
IKZF1	ENSG00000185811	ENST00000438033	protein_coding	0	0	0	13	0	0	0	0	0	0	12	0	0	0	0	0	1
IKZF1	ENSG00000185811	ENST00000439701	protein_coding	0	0	0	13	0	0	0	0	0	0	12	0	0	0	0	0	1
IKZF1	ENSG00000185811	ENST00000440768	protein_coding	0	0	0	13	0	0	0	0	0	0	13	0	0	0	0	0	0
IL15RA	ENSG00000134470	ENST00000379971	protein_coding	0	0	0	1	0	0	0	0	0	0	1	0	0	0	0	0	0
IL15RA	ENSG00000134470	ENST00000379977	protein_coding	0	0	0	1	0	0	0	0	0	0	1	0	0	0	0	0	0
IL15RA	ENSG00000134470	ENST00000397246	protein_coding	0	0	0	1	0	0	0	0	0	0	1	0	0	0	0	0	0
IL15RA	ENSG00000134470	ENST00000397248	protein_coding	0	0	0	1	0	0	0	0	0	0	1	0	0	0	0	0	0
IL15RA	ENSG00000134470	ENST00000397250	protein_coding	0	0	0	1	0	0	0	0	0	0	1	0	0	0	0	0	0
IL15RA	ENSG00000134470	ENST00000397251	protein_coding	0	0	0	1	0	0	0	0	0	0	1	0	0	0	0	0	0
IL15RA	ENSG00000134470	ENST00000397255	protein_coding	0	0	0	1	0	0	0	0	0	0	1	0	0	0	0	0	0
IL15RA	ENSG00000134470	ENST00000429135	protein_coding	0	0	0	1	0	0	0	0	0	0	1	0	0	0	0	0	0
IL15RA	ENSG00000134470	ENST00000453922	protein_coding	0	0	0	1	0	0	0	0	0	0	1	0	0	0	0	0	0
IL15RA	ENSG00000134470	ENST00000525219	protein_coding	0	0	0	1	0	0	0	0	0	0	1	0	0	0	0	0	0
IL15RA	ENSG00000134470	ENST00000528354	protein_coding	0	0	0	1	0	0	0	0	0	0	1	0	0	0	0	0	0
IL15RA	ENSG00000134470	ENST00000530685	protein_coding	0	0	0	1	0	0	0	0	0	0	1	0	0	0	0	0	0
INPP5F	ENSG00000198825	ENST00000361976	protein_coding	0	0	0	23	0	0	0	0	0	0	19	0	0	0	0	0	4
INPP5F	ENSG00000198825	ENST00000369081	protein_coding	0	0	0	2	0	0	0	0	0	0	0	0	0	0	0	0	2
INPP5F	ENSG00000198825	ENST00000369083	protein_coding	0	0	0	21	0	0	0	0	0	0	17	0	0	0	0	0	4
ITGA7	ENSG00000135424	ENST00000257879	protein_coding	0	2	0	18	0	0	0	0	0	0	19	0	0	1	0	1	0
ITGA7	ENSG00000135424	ENST00000257880	protein_coding	0	2	0	18	0	0	0	0	0	0	19	0	0	1	0	1	0
ITGA7	ENSG00000135424	ENST00000347027	protein_coding	0	2	0	18	0	0	0	0	0	0	19	0	0	1	0	1	0
ITGA7	ENSG00000135424	ENST00000394229	protein_coding	0	2	0	18	0	0	0	0	0	0	19	0	0	1	0	1	0
ITGA7	ENSG00000135424	ENST00000394230	protein_coding	0	2	0	18	0	0	0	0	0	0	19	0	0	1	0	1	0
ITGA7	ENSG00000135424	ENST00000452168	protein_coding	0	0	0	20	0	0	0	0	0	0	20	0	0	0	0	0	0
ITGA7	ENSG00000135424	ENST00000553804	protein_coding	0	2	0	18	0	0	0	0	0	0	19	0	0	1	0	1	0
ITGA7	ENSG00000135424	ENST00000555728	protein_coding	0	2	0	18	0	0	0	0	0	0	19	0	0	1	0	1	0
ITGA7	ENSG00000135424	ENST00000557257	protein_coding	0	0	0	18	0	0	0	0	3	0	15	0	0	0	0	0	0
ITGA7	ENSG00000135424	ENST00000557555	protein_coding	0	0	0	3	0	0	0	0	0	0	0	0	0	0	0	0	3
ITSN1	ENSG00000205726	ENST00000381285	protein_coding	0	0	0	1	0	0	0	0	0	0	1	0	0	0	0	0	0
ITSN1	ENSG00000205726	ENST00000381291	protein_coding	0	0	0	1	0	0	0	0	0	0	1	0	0	0	0	0	0
ITSN1	ENSG00000205726	ENST00000381318	protein_coding	0	0	0	1	0	0	0	0	0	0	1	0	0	0	0	0	0
ITSN1	ENSG00000205726	ENST00000399349	protein_coding	0	0	0	1	0	0	0	0	0	0	1	0	0	0	0	0	0
ITSN1	ENSG00000205726	ENST00000399352	protein_coding	0	0	0	1	0	0	0	0	0	0	1	0	0	0	0	0	0
ITSN1	ENSG00000205726	ENST00000399353	protein_coding	0	0	0	1	0	0	0	0	0	0	1	0	0	0	0	0	0
ITSN1	ENSG00000205726	ENST00000399355	protein_coding	0	0	0	1	0	0	0	0	0	0	1	0	0	0	0	0	0
ITSN1	ENSG00000205726	ENST00000399367	protein_coding	0	0	0	1	0	0	0	0	0	0	1	0	0	0	0	0	0
ITSN1	ENSG00000205726	ENST00000444491	protein_coding	0	0	0	1	0	0	0	0	0	0	1	0	0	0	0	0	0
ITSN1	ENSG00000205726	ENST00000451686	protein_coding	0	0	0	1	0	0	0	0	0	0	1	0	0	0	0	0	0
JAK2	ENSG00000096968	ENST00000381652	protein_coding	5	7	16	6	0	0	1	0	0	0	7	16	0	3	5	5	0
JAK2	ENSG00000096968	ENST00000539801	protein_coding	5	7	16	6	0	0	1	0	0	0	7	16	0	3	5	5	0
JAK2	ENSG00000096968	ENST00000544510	protein_coding	5	7	12	7	0	2	2	0	0	0	7	12	0	3	5	3	0
KDELC2	ENSG00000178202	ENST00000323468	protein_coding	0	0	0	10	1	0	0	0	0	0	9	0	0	0	0	0	0
KDELC2	ENSG00000178202	ENST00000375648	protein_coding	0	0	0	9	0	0	0	0	4	0	0	0	0	0	0	0	5
KDELC2	ENSG00000178202	ENST00000434945	protein_coding	0	0	0	10	1	0	0	0	0	0	4	0	0	0	0	0	5
KDELC2	ENSG00000178202	ENST00000530318	protein_coding	0	0	0	5	0	0	0	0	1	0	4	0	0	0	0	0	0
KDM6A	ENSG00000147050	ENST00000377967	protein_coding	0	0	0	6	0	0	0	0	2	0	4	0	0	0	0	0	0
KDM6A	ENSG00000147050	ENST00000382899	protein_coding	0	0	0	6	0	0	0	0	2	0	4	0	0	0	0	0	0
KDM6A	ENSG00000147050	ENST00000414389	protein_coding	0	0	0	4	0	0	0	0	2	0	2	0	0	0	0	0	0
KDM6A	ENSG00000147050	ENST00000431196	protein_coding	0	0	0	4	0	0	0	0	2	0	2	0	0	0	0	0	0
KDM6A	ENSG00000147050	ENST00000433797	protein_coding	0	0	0	4	0	0	0	0	2	0	2	0	0	0	0	0	0
KDM6A	ENSG00000147050	ENST00000536777	protein_coding	0	0	0	6	0	0	0	0	2	0	4	0	0	0	0	0	0
KDM6A	ENSG00000147050	ENST00000543216	protein_coding	0	0	0	6	0	0	0	0	2	0	4	0	0	0	0	0	0
KRT4	ENSG00000170477	ENST00000293774	protein_coding	0	0	0	1	0	0	0	0	0	0	0	0	0	0	0	0	1
KRT4	ENSG00000170477	ENST00000458244	protein_coding	0	0	0	1	0	0	0	0	0	0	0	0	0	0	0	0	1
KRT4	ENSG00000170477	ENST00000551956	protein_coding	0	0	0	1	0	0	0	0	0	0	0	0	0	0	0	0	1
KRT79	ENSG00000185640	ENST00000330553	protein_coding	0	2	0	5	3	0	0	0	2	0	0	0	0	0	0	2	0
KRT79	ENSG00000185640	ENST00000549255	protein_coding	0	0	0	7	3	0	0	0	4	0	0	0	0	0	0	0	0
KRT9	ENSG00000171403	ENST00000246662	protein_coding	0	0	0	3	1	0	0	0	0	0	2	0	0	0	0	0	0
KRT9	ENSG00000171403	ENST00000588431	protein_coding	0	0	0	3	1	0	0	0	0	0	2	0	0	0	0	0	0
LAMA2	ENSG00000196569	ENST00000421865	protein_coding	0	0	2	70	0	0	0	0	0	0	70	2	0	0	0	0	0
LRMP	ENSG00000118308	ENST00000354454	protein_coding	0	0	0	6	0	0	0	0	0	0	6	0	0	0	0	0	0
LRMP	ENSG00000118308	ENST00000536173	protein_coding	0	0	0	6	0	0	0	0	0	0	6	0	0	0	0	0	0
LRMP	ENSG00000118308	ENST00000547044	protein_coding	0	0	0	6	0	0	0	0	0	0	6	0	0	0	0	0	0
LRMP	ENSG00000118308	ENST00000548766	protein_coding	0	0	0	6	0	0	0	0	0	0	6	0	0	0	0	0	0
LRMP	ENSG00000118308	ENST00000550945	protein_coding	0	0	0	6	0	0	0	0	1	0	5	0	0	0	0	0	0
LRMP	ENSG00000118308	ENST00000554942	protein_coding	0	0	0	5	0	0	0	0	0	0	5	0	0	0	0	0	0
LRMP	ENSG00000118308	ENST00000555885	protein_coding	0	0	0	1	0	0	0	0	1	0	0	0	0	0	0	0	0
LRMP	ENSG00000118308	ENST00000556887	protein_coding	0	0	0	5	0	0	0	0	2	0	3	0	0	0	0	0	0
LRMP	ENSG00000118308	ENST00000557489	protein_coding	0	0	0	6	0	0	0	0	1	0	5	0	0	0	0	0	0
LRRC56	ENSG00000161328	ENST00000270115	protein_coding	0	0	0	1	0	0	0	0	0	0	0	0	0	0	0	0	1
LST3	ENSG00000257046	ENST00000381541	protein_coding	0	0	0	24	0	0	0	0	0	0	24	0	0	0	0	0	0
LST3	ENSG00000257046	ENST00000540229	protein_coding	0	0	0	24	0	0	0	0	0	0	24	0	0	0	0	0	0
LTBP4	ENSG00000090006	ENST00000204005	protein_coding	0	0	0	1	0	0	0	0	0	0	0	0	0	0	0	0	1
LTBP4	ENSG00000090006	ENST00000545697	protein_coding	0	0	0	1	0	0	0	0	0	0	0	0	0	0	0	0	1
MAP1S	ENSG00000130479	ENST00000324096	protein_coding	0	0	0	7	0	0	0	0	1	0	6	0	0	0	0	0	0
MAP1S	ENSG00000130479	ENST00000544059	protein_coding	0	0	0	7	0	0	0	0	1	0	6	0	0	0	0	0	0
MAP1S	ENSG00000130479	ENST00000594625	protein_coding	0	0	0	2	0	0	0	0	0	0	2	0	0	0	0	0	0
MAP1S	ENSG00000130479	ENST00000597000	protein_coding	0	0	0	7	0	0	0	0	1	0	4	0	0	0	0	0	2
MAP1S	ENSG00000130479	ENST00000597735	protein_coding	0	0	0	7	0	0	0	0	1	0	6	0	0	0	0	0	0
MAP1S	ENSG00000130479	ENST00000600186	protein_coding	0	0	0	2	0	0	0	0	0	0	2	0	0	0	0	0	0
MAP2K2	ENSG00000126934	ENST00000262948	protein_coding	1	0	1	3	0	0	0	0	0	1	3	1	0	0	0	0	0
MAP2K2	ENSG00000126934	ENST00000394867	protein_coding	1	0	1	3	0	0	0	0	0	1	3	1	0	0	0	0	0
MAP2K2	ENSG00000126934	ENST00000599021	protein_coding	0	0	0	3	0	0	0	0	0	0	1	0	0	0	0	0	2
MAP2K4	ENSG00000065559	ENST00000353533	protein_coding	0	0	0	1	0	0	0	0	0	0	1	0	0	0	0	0	0
MAP2K4	ENSG00000065559	ENST00000415385	protein_coding	0	0	0	1	0	0	0	0	0	0	1	0	0	0	0	0	0
MASP2	ENSG00000009724	ENST00000400897	protein_coding	0	0	0	9	0	0	0	0	0	0	0	0	0	0	0	0	9
MASP2	ENSG00000009724	ENST00000400898	protein_coding	0	0	0	9	0	0	0	0	0	0	0	0	0	0	0	0	9
MCC	ENSG00000171444	ENST00000408903	protein_coding	0	0	0	16	0	0	0	0	0	0	15	0	0	0	0	0	1
MDS2	ENSG00000197880	ENST00000374555	protein_coding	0	0	0	1	0	0	0	0	0	0	0	0	0	0	0	0	1
MEGF11	ENSG00000157890	ENST00000288745	protein_coding	0	0	0	12	0	0	0	0	0	0	12	0	0	0	0	0	0
MEGF11	ENSG00000157890	ENST00000360698	protein_coding	0	0	0	12	0	0	0	0	0	0	12	0	0	0	0	0	0
MEGF11	ENSG00000157890	ENST00000395614	protein_coding	0	0	0	12	0	0	0	0	0	0	12	0	0	0	0	0	0
MEGF11	ENSG00000157890	ENST00000395625	protein_coding	0	0	0	12	0	0	0	0	0	0	12	0	0	0	0	0	0
MEGF11	ENSG00000157890	ENST00000409699	protein_coding	0	0	0	12	0	0	0	0	0	0	12	0	0	0	0	0	0
MEGF11	ENSG00000157890	ENST00000422354	protein_coding	0	0	0	12	0	0	0	0	0	0	12	0	0	0	0	0	0
MEI1	ENSG00000167077	ENST00000300398	protein_coding	0	2	0	6	0	1	3	0	0	0	3	0	0	1	0	0	0
MEI1	ENSG00000167077	ENST00000400107	protein_coding	0	2	1	5	0	1	2	0	0	0	3	1	0	1	0	0	0
MEI1	ENSG00000167077	ENST00000401548	protein_coding	0	1	2	3	0	0	0	0	0	0	3	2	0	1	0	1	0
MEI1	ENSG00000167077	ENST00000540833	protein_coding	0	1	2	3	0	0	0	0	0	0	3	2	0	1	0	1	0
MEI1	ENSG00000167077	ENST00000540880	protein_coding	0	0	0	2	0	0	0	0	0	0	2	0	0	0	0	0	0
MKRN2	ENSG00000075975	ENST00000170447	protein_coding	0	0	0	19	0	0	0	0	0	0	19	0	0	0	0	0	0
MKRN2	ENSG00000075975	ENST00000411987	protein_coding	0	0	0	19	0	0	0	0	0	0	19	0	0	0	0	0	0
MKRN2	ENSG00000075975	ENST00000448482	protein_coding	0	0	0	19	0	0	0	0	0	0	19	0	0	0	0	0	0
MRPL18	ENSG00000112110	ENST00000367034	protein_coding	0	0	0	1	0	0	0	0	0	0	1	0	0	0	0	0	0
MRPL4	ENSG00000105364	ENST00000253099	protein_coding	0	0	0	4	0	0	0	0	0	0	3	0	0	0	0	0	1
MRPL4	ENSG00000105364	ENST00000307422	protein_coding	0	0	0	4	0	0	0	0	0	0	3	0	0	0	0	0	1
MRPL4	ENSG00000105364	ENST00000393733	protein_coding	0	0	0	4	0	0	0	0	0	0	3	0	0	0	0	0	1
MRPL4	ENSG00000105364	ENST00000588502	protein_coding	0	0	0	4	0	0	0	0	1	0	2	0	0	0	0	0	1
MRPL4	ENSG00000105364	ENST00000590150	protein_coding	0	0	0	4	0	0	0	0	1	0	2	0	0	0	0	0	1
MRPL4	ENSG00000105364	ENST00000590669	protein_coding	0	0	0	4	1	0	0	0	0	0	2	0	0	0	0	0	1
MRPL4	ENSG00000105364	ENST00000590702	protein_coding	0	0	0	4	1	0	0	0	0	0	2	0	0	0	0	0	1
MRPL4	ENSG00000105364	ENST00000592514	protein_coding	0	0	0	4	0	0	0	0	0	0	3	0	0	0	0	0	1
MTIF3	ENSG00000122033	ENST00000381116	protein_coding	0	0	3	8	0	0	0	0	0	0	4	3	0	0	0	0	4
MTIF3	ENSG00000122033	ENST00000381120	protein_coding	0	0	3	8	0	0	0	0	0	0	4	3	0	0	0	0	4
MTIF3	ENSG00000122033	ENST00000405591	protein_coding	0	0	3	8	0	0	0	0	0	0	4	3	0	0	0	0	4
MTIF3	ENSG00000122033	ENST00000431572	protein_coding	0	0	3	8	0	0	0	0	0	0	4	3	0	0	0	0	4
MTOR	ENSG00000198793	ENST00000361445	protein_coding	0	0	0	24	0	0	0	0	0	0	24	0	0	0	0	0	0
MTOR	ENSG00000198793	ENST00000376838	protein_coding	0	0	0	3	0	0	0	0	0	0	0	0	0	0	0	0	3
MYO1D	ENSG00000176658	ENST00000318217	protein_coding	0	0	0	10	0	0	0	0	0	0	7	0	0	0	0	0	3
MYO1D	ENSG00000176658	ENST00000394649	protein_coding	0	0	0	5	0	0	0	0	0	0	5	0	0	0	0	0	0
MYO1D	ENSG00000176658	ENST00000579584	protein_coding	0	0	0	10	0	0	0	0	0	0	7	0	0	0	0	0	3
MYO1D	ENSG00000176658	ENST00000583621	protein_coding	0	0	0	10	0	0	0	0	0	0	7	0	0	0	0	0	3
MYOZ3	ENSG00000164591	ENST00000297130	protein_coding	0	0	0	5	1	0	0	0	2	0	2	0	0	0	0	0	0
MYOZ3	ENSG00000164591	ENST00000517768	protein_coding	0	0	0	4	0	0	0	0	2	0	2	0	0	0	0	0	0
MYOZ3	ENSG00000164591	ENST00000520112	protein_coding	0	0	0	4	0	0	0	0	2	0	2	0	0	0	0	0	0
MYOZ3	ENSG00000164591	ENST00000523553	protein_coding	0	0	0	2	0	0	0	0	2	0	0	0	0	0	0	0	0
NAA25	ENSG00000111300	ENST00000261745	protein_coding	0	0	0	8	0	0	0	0	0	0	8	0	0	0	0	0	0
NELL2	ENSG00000184613	ENST00000333837	protein_coding	1	1	0	0	0	0	0	0	0	1	0	0	0	0	0	1	0
NELL2	ENSG00000184613	ENST00000395487	protein_coding	1	1	0	0	0	0	0	0	0	1	0	0	0	0	0	1	0
NELL2	ENSG00000184613	ENST00000429094	protein_coding	1	1	0	0	0	0	0	0	0	1	0	0	0	0	0	1	0
NELL2	ENSG00000184613	ENST00000437801	protein_coding	1	1	0	0	0	0	0	0	0	1	0	0	0	0	0	1	0
NELL2	ENSG00000184613	ENST00000452445	protein_coding	1	1	0	0	0	0	0	0	0	1	0	0	0	0	0	1	0
NELL2	ENSG00000184613	ENST00000549027	protein_coding	1	1	0	0	0	0	0	0	0	1	0	0	0	0	0	1	0
NELL2	ENSG00000184613	ENST00000550139	protein_coding	0	0	0	2	0	0	0	0	2	0	0	0	0	0	0	0	0
NELL2	ENSG00000184613	ENST00000551601	protein_coding	1	1	0	0	0	0	0	0	0	1	0	0	0	0	0	1	0
NGEF	ENSG00000066248	ENST00000264051	protein_coding	0	0	0	8	0	0	0	0	0	0	8	0	0	0	0	0	0
NGEF	ENSG00000066248	ENST00000373552	protein_coding	0	0	0	8	0	0	0	0	0	0	8	0	0	0	0	0	0
NGEF	ENSG00000066248	ENST00000409079	protein_coding	0	0	0	8	0	0	0	0	0	0	8	0	0	0	0	0	0
NGEF	ENSG00000066248	ENST00000416114	protein_coding	0	0	0	4	0	0	0	0	0	0	2	0	0	0	0	0	2
NGEF	ENSG00000066248	ENST00000420650	protein_coding	0	0	0	8	0	0	0	0	0	0	4	0	0	0	0	0	4
NGEF	ENSG00000066248	ENST00000424488	protein_coding	0	0	0	2	0	0	0	0	0	0	0	0	0	0	0	0	2
NGEF	ENSG00000066248	ENST00000458735	protein_coding	0	0	0	4	0	0	0	0	0	0	2	0	0	0	0	0	2
NGEF	ENSG00000066248	ENST00000539537	protein_coding	0	0	0	4	0	0	0	0	0	0	2	0	0	0	0	0	2
NHSL2	ENSG00000204131	ENST00000540800	protein_coding	0	0	0	52	0	0	0	0	0	0	52	0	0	0	0	0	0
NMT1	ENSG00000136448	ENST00000592782	protein_coding	0	0	0	3	0	0	0	0	0	0	0	0	0	0	0	0	3
NUCKS1	ENSG00000069275	ENST00000367142	protein_coding	0	0	0	29	0	0	0	0	29	0	0	0	0	0	0	0	0
NYX	ENSG00000188937	ENST00000342595	protein_coding	0	0	0	2	2	0	0	0	0	0	0	0	0	0	0	0	0
NYX	ENSG00000188937	ENST00000378220	protein_coding	0	0	0	2	2	0	0	0	0	0	0	0	0	0	0	0	0
PAX2	ENSG00000075891	ENST00000355243	protein_coding	0	0	0	1	0	0	0	0	1	0	0	0	0	0	0	0	0
PAX2	ENSG00000075891	ENST00000361791	protein_coding	0	0	0	1	0	0	0	0	1	0	0	0	0	0	0	0	0
PAX2	ENSG00000075891	ENST00000370296	protein_coding	0	0	0	1	0	0	0	0	1	0	0	0	0	0	0	0	0
PAX2	ENSG00000075891	ENST00000428433	protein_coding	0	0	0	1	0	0	0	0	1	0	0	0	0	0	0	0	0
PDAP1	ENSG00000106244	ENST00000350498	protein_coding	0	0	0	14	1	0	0	0	6	0	2	0	0	0	0	0	5
PDGFRA	ENSG00000134853	ENST00000257290	protein_coding	0	0	0	22	0	0	1	0	0	0	19	0	0	0	0	0	2
PDGFRA	ENSG00000134853	ENST00000503856	protein_coding	0	0	0	22	0	0	0	0	0	0	19	0	0	0	0	0	3
PDGFRA	ENSG00000134853	ENST00000504461	protein_coding	0	0	0	22	0	0	0	0	0	0	19	0	0	0	0	0	3
PDGFRA	ENSG00000134853	ENST00000508170	protein_coding	0	0	0	22	0	0	1	0	0	0	19	0	0	0	0	0	2
PDGFRA	ENSG00000134853	ENST00000512143	protein_coding	0	0	0	22	0	0	1	0	0	0	19	0	0	0	0	0	2
PDGFRA	ENSG00000134853	ENST00000512522	protein_coding	0	0	0	13	0	0	0	0	0	0	12	0	0	0	0	0	1
PDX1	ENSG00000139515	ENST00000381033	protein_coding	0	0	0	1	0	0	0	0	0	0	1	0	0	0	0	0	0
PHLDB1	ENSG00000019144	ENST00000356063	protein_coding	0	2	4	89	0	0	0	0	0	0	79	4	0	0	0	2	10
PHLDB1	ENSG00000019144	ENST00000361417	protein_coding	0	2	4	91	0	0	0	0	0	0	81	4	0	0	0	2	10
PHLDB1	ENSG00000019144	ENST00000524713	protein_coding	0	0	0	5	0	0	0	0	0	0	3	0	0	0	0	0	2
PHLDB1	ENSG00000019144	ENST00000527898	protein_coding	0	0	0	7	0	0	0	0	0	0	5	0	0	0	0	0	2
PLD3	ENSG00000105223	ENST00000356508	protein_coding	0	0	0	2	0	0	0	0	0	0	0	0	0	0	0	0	2
PLD3	ENSG00000105223	ENST00000392032	protein_coding	0	0	0	2	0	0	0	0	0	0	0	0	0	0	0	0	2
PLD3	ENSG00000105223	ENST00000409419	protein_coding	0	0	0	2	0	0	0	0	0	0	0	0	0	0	0	0	2
PLD3	ENSG00000105223	ENST00000409587	protein_coding	0	0	0	2	0	0	0	0	0	0	0	0	0	0	0	0	2
PLD3	ENSG00000105223	ENST00000409735	protein_coding	0	0	0	2	0	0	0	0	0	0	0	0	0	0	0	0	2
PLD3	ENSG00000105223	ENST00000594908	protein_coding	0	0	0	2	0	0	0	0	0	0	0	0	0	0	0	0	2
PLD3	ENSG00000105223	ENST00000596682	protein_coding	0	0	0	2	0	0	0	0	0	0	0	0	0	0	0	0	2
PLD3	ENSG00000105223	ENST00000598962	protein_coding	0	0	0	2	0	0	0	0	0	0	0	0	0	0	0	0	2
PLD3	ENSG00000105223	ENST00000599685	protein_coding	0	0	0	2	0	0	0	0	0	0	0	0	0	0	0	0	2
PLD3	ENSG00000105223	ENST00000600948	protein_coding	0	0	0	2	0	0	0	0	0	0	0	0	0	0	0	0	2
PLD3	ENSG00000105223	ENST00000602131	protein_coding	0	0	0	2	0	0	0	0	0	0	0	0	0	0	0	0	2
PNLDC1	ENSG00000146453	ENST00000392167	protein_coding	1	0	0	10	2	0	0	0	5	1	2	0	0	0	0	0	1
PNLDC1	ENSG00000146453	ENST00000610273	protein_coding	1	0	0	10	2	0	0	0	5	1	2	0	0	0	0	0	1
POMT1	ENSG00000130714	ENST00000341012	protein_coding	0	0	0	2	0	0	0	0	1	0	1	0	0	0	0	0	0
POMT1	ENSG00000130714	ENST00000354713	protein_coding	0	0	0	2	0	0	0	0	1	0	1	0	0	0	0	0	0
POMT1	ENSG00000130714	ENST00000372220	protein_coding	0	0	0	1	0	0	0	0	1	0	0	0	0	0	0	0	0
POMT1	ENSG00000130714	ENST00000372228	protein_coding	0	0	0	2	0	0	0	0	1	0	1	0	0	0	0	0	0
POMT1	ENSG00000130714	ENST00000402686	protein_coding	0	0	0	2	0	0	0	0	1	0	1	0	0	0	0	0	0
POMT1	ENSG00000130714	ENST00000404875	protein_coding	0	0	0	2	0	0	0	0	1	0	1	0	0	0	0	0	0
POMT1	ENSG00000130714	ENST00000415075	protein_coding	0	0	0	1	0	0	0	0	0	0	1	0	0	0	0	0	0
POMT1	ENSG00000130714	ENST00000418774	protein_coding	0	0	0	1	0	0	0	0	0	0	1	0	0	0	0	0	0
POMT1	ENSG00000130714	ENST00000419118	protein_coding	0	0	0	2	0	0	0	0	1	0	1	0	0	0	0	0	0
POMT1	ENSG00000130714	ENST00000423007	protein_coding	0	0	0	2	0	0	0	0	1	0	1	0	0	0	0	0	0
POMT1	ENSG00000130714	ENST00000430619	protein_coding	0	0	0	1	0	0	0	0	0	0	1	0	0	0	0	0	0
POMT1	ENSG00000130714	ENST00000441334	protein_coding	0	0	0	1	0	0	0	0	0	0	1	0	0	0	0	0	0
POMT1	ENSG00000130714	ENST00000448212	protein_coding	0	0	0	1	0	0	0	0	0	0	1	0	0	0	0	0	0
POMT1	ENSG00000130714	ENST00000541219	protein_coding	0	0	0	2	0	0	0	0	1	0	1	0	0	0	0	0	0
PRDM6	ENSG00000061455	ENST00000407847	protein_coding	0	0	0	39	0	0	0	0	0	0	34	0	0	0	0	0	5
PRRC2B	ENSG00000130723	ENST00000320547	protein_coding	0	0	0	1	0	0	0	0	1	0	0	0	0	0	0	0	0
PRRC2B	ENSG00000130723	ENST00000357304	protein_coding	0	0	0	1	0	0	0	0	1	0	0	0	0	0	0	0	0
PRRC2B	ENSG00000130723	ENST00000405995	protein_coding	0	0	0	1	0	0	0	0	1	0	0	0	0	0	0	0	0
PTBP2	ENSG00000117569	ENST00000370197	protein_coding	0	0	0	1	0	0	0	0	0	0	1	0	0	0	0	0	0
PTBP2	ENSG00000117569	ENST00000370198	protein_coding	0	0	0	1	0	0	0	0	0	0	1	0	0	0	0	0	0
PTBP2	ENSG00000117569	ENST00000394184	protein_coding	0	0	0	1	0	0	0	0	0	0	1	0	0	0	0	0	0
PTBP2	ENSG00000117569	ENST00000426398	protein_coding	0	0	0	1	0	0	0	0	0	0	1	0	0	0	0	0	0
PTBP2	ENSG00000117569	ENST00000541987	protein_coding	0	0	0	1	0	0	0	0	0	0	1	0	0	0	0	0	0
PTBP2	ENSG00000117569	ENST00000609116	protein_coding	0	0	0	1	0	0	0	0	0	0	1	0	0	0	0	0	0
PTCD1	ENSG00000106246	ENST00000292478	protein_coding	0	0	0	8	0	0	0	0	8	0	0	0	0	0	0	0	0
PTCD1	ENSG00000106246	ENST00000555673	protein_coding	0	0	0	2	0	0	0	0	2	0	0	0	0	0	0	0	0
PTGES2	ENSG00000148334	ENST00000277462	protein_coding	0	0	0	5	0	0	0	0	1	0	4	0	0	0	0	0	0
PTGES2	ENSG00000148334	ENST00000338961	protein_coding	0	0	0	5	0	0	0	0	1	0	4	0	0	0	0	0	0
PTGES2	ENSG00000148334	ENST00000449878	protein_coding	0	0	0	5	0	0	0	0	1	0	4	0	0	0	0	0	0
RARB	ENSG00000077092	ENST00000330688	protein_coding	0	0	0	11	0	0	0	0	0	0	11	0	0	0	0	0	0
RARB	ENSG00000077092	ENST00000383772	protein_coding	0	0	0	13	0	0	0	0	0	0	13	0	0	0	0	0	0
RARB	ENSG00000077092	ENST00000404969	protein_coding	0	0	0	13	0	0	0	0	0	0	13	0	0	0	0	0	0
RARB	ENSG00000077092	ENST00000437042	protein_coding	0	0	0	11	0	0	0	0	0	0	11	0	0	0	0	0	0
RARB	ENSG00000077092	ENST00000458646	protein_coding	0	0	0	11	0	0	0	0	0	0	11	0	0	0	0	0	0
RBM22	ENSG00000086589	ENST00000199814	protein_coding	0	0	0	5	1	0	0	0	2	0	2	0	0	0	0	0	0
RBM22	ENSG00000086589	ENST00000447771	protein_coding	0	0	0	5	0	0	0	0	3	0	2	0	0	0	0	0	0
RBM22	ENSG00000086589	ENST00000518917	protein_coding	0	0	0	4	0	0	0	0	3	0	1	0	0	0	0	0	0
RBM22	ENSG00000086589	ENST00000521464	protein_coding	0	0	1	1	0	0	0	0	1	0	0	1	0	0	0	0	0
RBM22	ENSG00000086589	ENST00000540000	protein_coding	0	0	0	5	1	0	0	0	2	0	2	0	0	0	0	0	0
RIPPLY3	ENSG00000183145	ENST00000329553	protein_coding	1	0	2	89	15	0	0	0	32	0	43	2	1	0	0	0	0
RNF10	ENSG00000022840	ENST00000325954	protein_coding	0	0	0	5	0	0	0	0	0	0	5	0	0	0	0	0	0
RNF10	ENSG00000022840	ENST00000413266	protein_coding	0	0	0	5	0	0	0	0	0	0	5	0	0	0	0	0	0
RNF10	ENSG00000022840	ENST00000537740	protein_coding	0	0	0	2	0	0	0	0	0	0	1	0	0	0	0	0	1
RNF10	ENSG00000022840	ENST00000537997	protein_coding	0	0	0	3	0	0	0	0	0	0	3	0	0	0	0	0	0
RNF10	ENSG00000022840	ENST00000538254	protein_coding	0	0	0	1	0	0	0	0	0	0	0	0	0	0	0	0	1
RNF10	ENSG00000022840	ENST00000540046	protein_coding	0	0	0	2	0	0	0	0	0	0	0	0	0	0	0	0	2
RNF10	ENSG00000022840	ENST00000542207	protein_coding	0	0	0	2	0	0	0	0	0	0	2	0	0	0	0	0	0
RNF10	ENSG00000022840	ENST00000542438	protein_coding	0	0	0	5	0	0	0	0	0	0	5	0	0	0	0	0	0
RNF10	ENSG00000022840	ENST00000546262	protein_coding	0	0	0	2	0	0	0	0	0	0	1	0	0	0	0	0	1
RNF150	ENSG00000170153	ENST00000306799	protein_coding	0	0	0	1	0	0	0	0	0	0	1	0	0	0	0	0	0
RNF150	ENSG00000170153	ENST00000420921	protein_coding	0	0	0	8	0	0	0	0	0	0	8	0	0	0	0	0	0
RNF150	ENSG00000170153	ENST00000507500	protein_coding	0	0	0	1	0	0	0	0	0	0	1	0	0	0	0	0	0
RNF150	ENSG00000170153	ENST00000515673	protein_coding	0	0	0	1	0	0	0	0	0	0	1	0	0	0	0	0	0
RXFP2	ENSG00000133105	ENST00000298386	protein_coding	0	2	0	83	1	0	0	0	4	0	78	0	0	0	0	2	0
RXFP2	ENSG00000133105	ENST00000380314	protein_coding	0	2	0	83	1	0	0	0	4	0	78	0	0	0	0	2	0
RXRG	ENSG00000143171	ENST00000359842	protein_coding	0	0	0	4	0	0	0	0	0	0	4	0	0	0	0	0	0
SCFD2	ENSG00000184178	ENST00000388940	protein_coding	0	0	0	5	0	0	0	0	0	0	5	0	0	0	0	0	0
SCFD2	ENSG00000184178	ENST00000401642	protein_coding	0	0	0	5	0	0	0	0	0	0	5	0	0	0	0	0	0
SCN4A	ENSG00000007314	ENST00000435607	protein_coding	0	0	0	13	0	0	0	0	2	0	8	0	0	0	0	0	3
SCN4A	ENSG00000007314	ENST00000578147	protein_coding	0	0	0	13	0	0	0	0	2	0	8	0	0	0	0	0	3
SDCCAG8	ENSG00000054282	ENST00000343783	protein_coding	0	0	0	16	0	0	0	0	0	0	16	0	0	0	0	0	0
SDCCAG8	ENSG00000054282	ENST00000355875	protein_coding	0	0	0	16	0	0	0	0	0	0	16	0	0	0	0	0	0
SDCCAG8	ENSG00000054282	ENST00000366541	protein_coding	0	0	0	16	0	0	0	0	0	0	16	0	0	0	0	0	0
SDCCAG8	ENSG00000054282	ENST00000435549	protein_coding	0	0	0	16	0	0	0	0	0	0	16	0	0	0	0	0	0
SERTAD3	ENSG00000167565	ENST00000322354	protein_coding	0	0	0	1	0	0	0	0	1	0	0	0	0	0	0	0	0
SERTAD3	ENSG00000167565	ENST00000392028	protein_coding	0	0	0	1	0	0	0	0	1	0	0	0	0	0	0	0	0
SERTAD3	ENSG00000167565	ENST00000596456	protein_coding	0	0	0	1	0	0	0	0	1	0	0	0	0	0	0	0	0
SERTAD3	ENSG00000167565	ENST00000599706	protein_coding	0	0	0	1	0	0	0	0	1	0	0	0	0	0	0	0	0
SHKBP1	ENSG00000160410	ENST00000291842	protein_coding	0	0	0	1	0	0	0	0	0	0	1	0	0	0	0	0	0
SHKBP1	ENSG00000160410	ENST00000593764	protein_coding	0	0	0	1	0	0	0	0	0	0	1	0	0	0	0	0	0
SHKBP1	ENSG00000160410	ENST00000594298	protein_coding	0	0	0	1	0	0	0	0	0	0	1	0	0	0	0	0	0
SHKBP1	ENSG00000160410	ENST00000594862	protein_coding	0	0	0	1	0	0	0	0	0	0	1	0	0	0	0	0	0
SHKBP1	ENSG00000160410	ENST00000595726	protein_coding	0	0	0	1	0	0	0	0	0	0	1	0	0	0	0	0	0
SHKBP1	ENSG00000160410	ENST00000597396	protein_coding	0	0	0	1	0	0	0	0	0	0	1	0	0	0	0	0	0
SHKBP1	ENSG00000160410	ENST00000600320	protein_coding	0	0	0	1	0	0	0	0	0	0	1	0	0	0	0	0	0
SHKBP1	ENSG00000160410	ENST00000600718	protein_coding	0	0	0	1	0	0	0	0	0	0	1	0	0	0	0	0	0
SHKBP1	ENSG00000160410	ENST00000600733	protein_coding	0	0	0	1	0	0	0	0	0	0	1	0	0	0	0	0	0
SHKBP1	ENSG00000160410	ENST00000602011	protein_coding	0	0	0	1	0	0	0	0	0	0	1	0	0	0	0	0	0
SLC25A25	ENSG00000148339	ENST00000373064	protein_coding	0	0	0	2	0	0	0	0	2	0	0	0	0	0	0	0	0
SLC25A25	ENSG00000148339	ENST00000373066	protein_coding	0	0	0	2	0	0	0	0	2	0	0	0	0	0	0	0	0
SLC25A25	ENSG00000148339	ENST00000373068	protein_coding	0	0	0	2	0	0	0	0	2	0	0	0	0	0	0	0	0
SLC25A25	ENSG00000148339	ENST00000373069	protein_coding	0	0	0	2	0	0	0	0	2	0	0	0	0	0	0	0	0
SLC25A25	ENSG00000148339	ENST00000432073	protein_coding	0	0	0	2	0	0	0	0	2	0	0	0	0	0	0	0	0
SLC25A25	ENSG00000148339	ENST00000433501	protein_coding	0	0	0	2	0	0	0	0	2	0	0	0	0	0	0	0	0
SLC25A25	ENSG00000148339	ENST00000466983	protein_coding	0	0	0	2	0	0	0	0	2	0	0	0	0	0	0	0	0
SLC25A40	ENSG00000075303	ENST00000341119	protein_coding	0	0	0	1	0	0	0	0	0	0	0	0	0	0	0	0	1
SLC34A2	ENSG00000157765	ENST00000382051	protein_coding	0	0	0	4	0	0	0	0	0	0	4	0	0	0	0	0	0
SLC34A2	ENSG00000157765	ENST00000503434	protein_coding	0	0	0	4	0	0	0	0	0	0	4	0	0	0	0	0	0
SLC34A2	ENSG00000157765	ENST00000504570	protein_coding	0	0	0	4	0	0	0	0	0	0	4	0	0	0	0	0	0
SLC34A2	ENSG00000157765	ENST00000507530	protein_coding	0	0	0	3	0	0	0	0	2	0	1	0	0	0	0	0	0
SLC34A2	ENSG00000157765	ENST00000513204	protein_coding	0	0	0	3	0	0	0	0	2	0	1	0	0	0	0	0	0
SLCO1B3	ENSG00000111700	ENST00000553473	protein_coding	0	0	0	24	0	0	0	0	0	0	24	0	0	0	0	0	0
SLCO1B7	ENSG00000205754	ENST00000421593	protein_coding	0	0	0	22	0	0	0	0	0	0	22	0	0	0	0	0	0
SLCO1B7	ENSG00000205754	ENST00000545916	protein_coding	0	0	0	8	0	0	0	0	0	0	4	0	0	0	0	0	4
SLCO1B7	ENSG00000205754	ENST00000554957	protein_coding	0	0	0	24	0	0	0	0	0	0	24	0	0	0	0	0	0
SOD2	ENSG00000112096	ENST00000401980	protein_coding	0	0	0	5	0	0	0	0	0	0	5	0	0	0	0	0	0
SOD2	ENSG00000112096	ENST00000535561	protein_coding	0	0	0	5	0	0	0	0	0	0	5	0	0	0	0	0	0
SOD2	ENSG00000112096	ENST00000537657	protein_coding	0	0	0	5	0	0	0	0	0	0	5	0	0	0	0	0	0
SOD2	ENSG00000112096	ENST00000545162	protein_coding	0	0	0	5	0	0	0	0	0	0	5	0	0	0	0	0	0
SOD2	ENSG00000112096	ENST00000546087	protein_coding	0	0	0	5	0	0	0	0	0	0	5	0	0	0	0	0	0
SP110	ENSG00000135899	ENST00000258381	protein_coding	0	0	0	16	0	0	0	0	0	0	14	0	0	0	0	0	2
SP110	ENSG00000135899	ENST00000258382	protein_coding	0	0	0	16	0	0	0	0	0	0	14	0	0	0	0	0	2
SP110	ENSG00000135899	ENST00000338556	protein_coding	0	0	0	16	0	0	0	0	0	0	14	0	0	0	0	0	2
SP110	ENSG00000135899	ENST00000358662	protein_coding	0	0	0	16	0	0	0	0	0	0	14	0	0	0	0	0	2
SP110	ENSG00000135899	ENST00000392048	protein_coding	0	0	0	16	0	0	0	0	0	0	14	0	0	0	0	0	2
SP110	ENSG00000135899	ENST00000409815	protein_coding	0	0	0	6	0	0	0	0	2	0	2	0	0	0	0	0	2
SP110	ENSG00000135899	ENST00000416610	protein_coding	0	0	0	5	0	0	0	0	1	0	4	0	0	0	0	0	0
SP110	ENSG00000135899	ENST00000455674	protein_coding	0	0	0	6	0	0	0	0	2	0	2	0	0	0	0	0	2
SP110	ENSG00000135899	ENST00000540870	protein_coding	0	0	0	16	0	0	0	0	0	0	16	0	0	0	0	0	0
SP140	ENSG00000079263	ENST00000343805	protein_coding	1	1	0	20	0	0	0	0	0	0	20	0	0	0	1	1	0
SP140	ENSG00000079263	ENST00000350136	protein_coding	1	1	0	20	0	0	0	0	0	0	20	0	0	0	1	1	0
SP140	ENSG00000079263	ENST00000373645	protein_coding	0	0	0	2	0	0	0	0	2	0	0	0	0	0	0	0	0
SP140	ENSG00000079263	ENST00000392045	protein_coding	1	1	0	20	0	0	0	0	0	0	20	0	0	0	1	1	0
SP140	ENSG00000079263	ENST00000417495	protein_coding	1	1	0	20	0	0	0	0	0	0	20	0	0	0	1	1	0
SP140	ENSG00000079263	ENST00000420434	protein_coding	1	1	0	20	0	0	0	0	0	0	20	0	0	0	1	1	0
SP140	ENSG00000079263	ENST00000456542	protein_coding	0	0	0	12	0	0	0	0	0	0	12	0	0	0	0	0	0
SP140	ENSG00000079263	ENST00000486687	protein_coding	1	1	0	20	0	0	0	0	0	0	20	0	0	0	1	1	0
SPACA3	ENSG00000141316	ENST00000269053	protein_coding	0	0	0	1	0	0	0	0	0	0	1	0	0	0	0	0	0
SPACA3	ENSG00000141316	ENST00000394638	protein_coding	0	0	0	1	0	0	0	0	0	0	1	0	0	0	0	0	0
SPACA3	ENSG00000141316	ENST00000580599	protein_coding	0	0	0	11	0	0	0	0	0	0	6	0	0	0	0	0	5
SPOCD1	ENSG00000134668	ENST00000257100	protein_coding	0	0	0	3	0	0	0	0	0	0	1	0	0	0	0	0	2
SPOCD1	ENSG00000134668	ENST00000360482	protein_coding	0	0	0	3	0	0	0	0	0	0	1	0	0	0	0	0	2
SPOCD1	ENSG00000134668	ENST00000373648	protein_coding	0	0	0	3	0	0	0	0	0	0	1	0	0	0	0	0	2
SPOCD1	ENSG00000134668	ENST00000525930	protein_coding	0	0	0	3	0	0	0	0	0	0	1	0	0	0	0	0	2
SPOCD1	ENSG00000134668	ENST00000528791	protein_coding	0	0	0	3	0	0	0	0	0	0	1	0	0	0	0	0	2
SPOCD1	ENSG00000134668	ENST00000529396	protein_coding	0	0	0	3	0	0	0	0	0	0	1	0	0	0	0	0	2
SPOCD1	ENSG00000134668	ENST00000533231	protein_coding	0	0	0	3	0	0	0	0	0	0	1	0	0	0	0	0	2
SPTBN4	ENSG00000160460	ENST00000338932	protein_coding	0	0	0	7	0	0	0	0	0	0	7	0	0	0	0	0	0
SPTBN4	ENSG00000160460	ENST00000344104	protein_coding	0	0	0	7	0	0	0	0	0	0	7	0	0	0	0	0	0
SPTBN4	ENSG00000160460	ENST00000352632	protein_coding	0	0	0	7	0	0	0	0	0	0	7	0	0	0	0	0	0
SPTBN4	ENSG00000160460	ENST00000595535	protein_coding	0	0	0	7	0	0	0	0	0	0	7	0	0	0	0	0	0
SPTBN4	ENSG00000160460	ENST00000598249	protein_coding	0	0	0	7	0	0	0	0	0	0	7	0	0	0	0	0	0
SRM	ENSG00000116649	ENST00000376957	protein_coding	1	1	0	7	0	0	0	0	4	0	3	0	1	1	0	0	2
SRM	ENSG00000116649	ENST00000465788	protein_coding	0	0	0	6	0	0	0	0	4	0	1	0	0	0	0	0	1
SRM	ENSG00000116649	ENST00000487300	protein_coding	0	0	0	7	0	0	0	0	4	0	1	0	0	0	0	0	2
SRM	ENSG00000116649	ENST00000490101	protein_coding	0	1	1	3	0	0	0	0	2	0	0	1	0	0	0	1	1
ST7	ENSG00000004866	ENST00000265437	protein_coding	0	0	1	27	0	0	0	0	0	0	27	1	0	0	0	0	0
ST7	ENSG00000004866	ENST00000323984	protein_coding	0	0	1	27	0	0	0	0	0	0	27	1	0	0	0	0	0
ST7	ENSG00000004866	ENST00000393443	protein_coding	0	0	1	27	0	0	0	0	0	0	27	1	0	0	0	0	0
ST7	ENSG00000004866	ENST00000393444	protein_coding	0	0	1	27	0	0	0	0	0	0	27	1	0	0	0	0	0
ST7	ENSG00000004866	ENST00000393446	protein_coding	0	0	1	27	0	0	0	0	0	0	27	1	0	0	0	0	0
ST7	ENSG00000004866	ENST00000393447	protein_coding	0	0	1	27	0	0	0	0	0	0	27	1	0	0	0	0	0
ST7	ENSG00000004866	ENST00000393449	protein_coding	0	0	1	27	0	0	0	0	0	0	27	1	0	0	0	0	0
ST7	ENSG00000004866	ENST00000393451	protein_coding	0	0	1	27	0	0	0	0	0	0	27	1	0	0	0	0	0
ST7	ENSG00000004866	ENST00000417919	protein_coding	0	0	0	12	0	0	0	0	0	0	12	0	0	0	0	0	0
ST7	ENSG00000004866	ENST00000420755	protein_coding	0	0	1	14	0	0	0	0	2	0	12	1	0	0	0	0	0
ST7	ENSG00000004866	ENST00000421345	protein_coding	0	0	0	12	0	0	0	0	0	0	12	0	0	0	0	0	0
ST7	ENSG00000004866	ENST00000422922	protein_coding	0	0	1	27	0	0	0	0	0	0	27	1	0	0	0	0	0
ST7	ENSG00000004866	ENST00000432298	protein_coding	0	0	1	27	0	0	0	0	0	0	27	1	0	0	0	0	0
ST7	ENSG00000004866	ENST00000434836	protein_coding	0	0	0	7	0	0	0	0	2	0	5	0	0	0	0	0	0
ST7	ENSG00000004866	ENST00000446490	protein_coding	0	0	1	27	0	0	0	0	0	0	27	1	0	0	0	0	0
ST7	ENSG00000004866	ENST00000449366	protein_coding	0	0	0	17	0	0	0	0	4	0	13	0	0	0	0	0	0
ST7	ENSG00000004866	ENST00000465133	protein_coding	0	0	1	23	0	0	0	0	5	0	18	1	0	0	0	0	0
ST7	ENSG00000004866	ENST00000477742	protein_coding	0	0	1	17	0	0	0	0	4	0	13	1	0	0	0	0	0
ST7	ENSG00000004866	ENST00000490039	protein_coding	0	0	1	22	0	0	0	0	0	0	22	1	0	0	0	0	0
STAT5B	ENSG00000173757	ENST00000293328	protein_coding	1	0	0	3	0	0	0	0	0	1	3	0	0	0	0	0	0
STK11	ENSG00000118046	ENST00000326873	protein_coding	1	1	3	0	0	0	0	0	0	1	1	3	0	1	0	0	0
STK11	ENSG00000118046	ENST00000585851	protein_coding	0	0	2	3	0	0	0	0	1	0	2	2	0	0	0	0	0
STK11	ENSG00000118046	ENST00000586243	protein_coding	1	0	0	2	0	0	0	0	0	1	0	0	0	0	0	0	2
SVEP1	ENSG00000165124	ENST00000302728	protein_coding	0	0	0	5	0	0	0	0	0	0	5	0	0	0	0	0	0
SVEP1	ENSG00000165124	ENST00000374461	protein_coding	0	0	0	5	0	0	0	0	0	0	5	0	0	0	0	0	0
SVEP1	ENSG00000165124	ENST00000374469	protein_coding	0	0	0	5	0	0	0	0	0	0	5	0	0	0	0	0	0
SVEP1	ENSG00000165124	ENST00000401783	protein_coding	0	0	0	5	0	0	0	0	0	0	5	0	0	0	0	0	0
SYNE2	ENSG00000054654	ENST00000341472	protein_coding	0	0	0	1	0	0	0	0	0	0	1	0	0	0	0	0	0
SYNE2	ENSG00000054654	ENST00000344113	protein_coding	0	0	0	1	0	0	0	0	0	0	1	0	0	0	0	0	0
SYNE2	ENSG00000054654	ENST00000356081	protein_coding	0	0	0	1	0	0	0	0	0	0	1	0	0	0	0	0	0
SYNE2	ENSG00000054654	ENST00000357395	protein_coding	0	0	0	1	0	0	0	0	0	0	1	0	0	0	0	0	0
SYNE2	ENSG00000054654	ENST00000358025	protein_coding	0	0	0	1	0	0	0	0	0	0	1	0	0	0	0	0	0
TDRD12	ENSG00000173809	ENST00000444215	protein_coding	0	0	1	5	0	0	0	0	0	0	5	1	0	0	0	0	0
TEX2	ENSG00000136478	ENST00000258991	protein_coding	0	0	0	1	0	0	0	0	0	0	1	0	0	0	0	0	0
TEX2	ENSG00000136478	ENST00000583097	protein_coding	0	0	0	1	0	0	0	0	0	0	1	0	0	0	0	0	0
TEX2	ENSG00000136478	ENST00000583501	protein_coding	0	0	0	1	0	0	0	0	0	0	1	0	0	0	0	0	0
TEX2	ENSG00000136478	ENST00000584379	protein_coding	0	0	0	1	0	0	0	0	0	0	1	0	0	0	0	0	0
THY1	ENSG00000154096	ENST00000284240	protein_coding	0	0	0	23	0	0	0	0	7	0	0	0	0	0	0	0	16
THY1	ENSG00000154096	ENST00000524659	protein_coding	0	0	0	23	0	0	0	0	5	0	0	0	0	0	0	0	18
THY1	ENSG00000154096	ENST00000524970	protein_coding	0	0	0	16	0	0	0	0	6	0	0	0	0	0	0	0	10
THY1	ENSG00000154096	ENST00000528522	protein_coding	0	0	0	15	0	0	0	0	7	0	0	0	0	0	0	0	8
THY1	ENSG00000154096	ENST00000580275	protein_coding	0	0	0	16	0	0	0	0	6	0	0	0	0	0	0	0	10
TMEM116	ENSG00000198270	ENST00000354825	protein_coding	0	0	0	3	0	0	0	0	0	0	3	0	0	0	0	0	0
TMEM116	ENSG00000198270	ENST00000355445	protein_coding	0	0	0	3	0	0	0	0	0	0	3	0	0	0	0	0	0
TMEM116	ENSG00000198270	ENST00000437003	protein_coding	0	0	0	3	0	0	0	0	0	0	3	0	0	0	0	0	0
TMEM116	ENSG00000198270	ENST00000546962	protein_coding	0	0	0	1	0	0	0	0	0	0	0	0	0	0	0	0	1
TMEM116	ENSG00000198270	ENST00000549425	protein_coding	0	0	0	1	0	0	0	0	0	0	0	0	0	0	0	0	1
TMEM116	ENSG00000198270	ENST00000549537	protein_coding	0	0	0	3	0	0	0	0	0	0	3	0	0	0	0	0	0
TMEM116	ENSG00000198270	ENST00000550037	protein_coding	0	0	0	1	0	0	0	0	0	0	0	0	0	0	0	0	1
TMEM116	ENSG00000198270	ENST00000550233	protein_coding	0	0	0	1	0	0	0	0	0	0	0	0	0	0	0	0	1
TMEM116	ENSG00000198270	ENST00000550800	protein_coding	0	0	0	1	0	0	0	0	0	0	0	0	0	0	0	0	1
TMEM116	ENSG00000198270	ENST00000550831	protein_coding	0	0	0	3	0	0	0	0	0	0	3	0	0	0	0	0	0
TMEM116	ENSG00000198270	ENST00000552374	protein_coding	0	0	0	3	0	0	0	0	0	0	3	0	0	0	0	0	0
TMEM117	ENSG00000139173	ENST00000266534	protein_coding	0	0	0	20	0	0	0	0	0	0	20	0	0	0	0	0	0
TMEM117	ENSG00000139173	ENST00000536799	protein_coding	0	0	0	20	0	0	0	0	0	0	20	0	0	0	0	0	0
TMEM117	ENSG00000139173	ENST00000550495	protein_coding	0	0	0	20	0	0	0	0	0	0	20	0	0	0	0	0	0
TMEM117	ENSG00000139173	ENST00000551577	protein_coding	0	0	0	20	0	0	0	0	0	0	20	0	0	0	0	0	0
TMEM178B	ENSG00000261115	ENST00000565468	protein_coding	0	0	0	26	0	0	0	0	0	0	26	0	0	0	0	0	0
TMEM50B	ENSG00000142188	ENST00000432504	protein_coding	0	0	0	1	0	0	0	0	0	0	0	0	0	0	0	0	1
TMEM50B	ENSG00000142188	ENST00000542230	protein_coding	0	0	0	1	0	0	0	0	0	0	0	0	0	0	0	0	1
TMEM63A	ENSG00000196187	ENST00000366835	protein_coding	0	0	0	1	0	0	0	0	0	0	1	0	0	0	0	0	0
TMEM63A	ENSG00000196187	ENST00000436966	protein_coding	0	0	0	1	0	0	0	0	0	0	0	0	0	0	0	0	1
TRAIP	ENSG00000183763	ENST00000331456	protein_coding	0	0	0	4	0	0	0	0	0	0	3	0	0	0	0	0	1
TRAIP	ENSG00000183763	ENST00000469027	protein_coding	0	0	0	4	0	0	0	0	0	0	3	0	0	0	0	0	1
TRAIP	ENSG00000183763	ENST00000482243	protein_coding	0	0	0	4	0	0	0	0	0	0	3	0	0	0	0	0	1
TRAIP	ENSG00000183763	ENST00000482582	protein_coding	0	0	0	4	0	0	0	0	0	0	3	0	0	0	0	0	1
TRAP1	ENSG00000126602	ENST00000246957	protein_coding	0	0	1	50	0	0	0	1	0	0	45	0	0	0	0	0	5
TRAP1	ENSG00000126602	ENST00000538171	protein_coding	0	0	1	50	0	0	0	1	0	0	45	0	0	0	0	0	5
TRAP1	ENSG00000126602	ENST00000571538	protein_coding	0	0	0	31	0	0	1	0	13	0	13	0	0	0	0	0	4
TRAP1	ENSG00000126602	ENST00000575671	protein_coding	0	1	0	16	0	1	4	0	0	0	0	0	0	0	0	0	12
TRAP1	ENSG00000126602	ENST00000576335	protein_coding	0	0	0	27	0	0	0	0	0	0	22	0	0	0	0	0	5
TRIM41	ENSG00000146063	ENST00000315073	protein_coding	0	0	0	1	0	0	0	0	0	0	0	0	0	0	0	0	1
TRIM41	ENSG00000146063	ENST00000351937	protein_coding	0	0	0	1	0	0	0	0	0	0	0	0	0	0	0	0	1
TRIM41	ENSG00000146063	ENST00000515499	protein_coding	0	0	0	1	0	0	0	0	0	0	0	0	0	0	0	0	1
TRIM7	ENSG00000146054	ENST00000274773	protein_coding	1	0	0	5	0	0	0	0	2	1	3	0	0	0	0	0	0
TRIM7	ENSG00000146054	ENST00000334421	protein_coding	1	0	0	2	2	0	0	0	0	1	0	0	0	0	0	0	0
TRIM7	ENSG00000146054	ENST00000361809	protein_coding	0	0	0	6	0	0	0	0	2	0	3	0	0	0	0	0	1
TRIM7	ENSG00000146054	ENST00000393315	protein_coding	0	0	0	6	0	0	0	0	2	0	3	0	0	0	0	0	1
TRIM7	ENSG00000146054	ENST00000393319	protein_coding	0	0	0	6	0	0	0	0	2	0	1	0	0	0	0	0	3
TRIM7	ENSG00000146054	ENST00000422067	protein_coding	0	0	0	6	0	0	0	0	2	0	3	0	0	0	0	0	1
TSEN2	ENSG00000154743	ENST00000412698	protein_coding	0	0	0	5	0	0	0	0	5	0	0	0	0	0	0	0	0
TSSK1B	ENSG00000212122	ENST00000390666	protein_coding	0	0	0	2	0	0	0	0	2	0	0	0	0	0	0	0	0
TTC3	ENSG00000182670	ENST00000354749	protein_coding	0	0	1	1	0	0	0	0	0	0	1	1	0	0	0	0	0
TTC3	ENSG00000182670	ENST00000355666	protein_coding	0	0	1	2	0	0	0	0	0	0	2	1	0	0	0	0	0
TTC3	ENSG00000182670	ENST00000399010	protein_coding	0	0	0	1	0	0	0	0	0	0	1	0	0	0	0	0	0
TTC3	ENSG00000182670	ENST00000399017	protein_coding	0	0	1	2	0	0	0	0	0	0	1	1	0	0	0	0	1
TTC3	ENSG00000182670	ENST00000418766	protein_coding	0	0	1	2	0	0	0	0	0	0	2	1	0	0	0	0	0
TTC3	ENSG00000182670	ENST00000438055	protein_coding	0	0	1	2	0	0	0	0	0	0	2	1	0	0	0	0	0
TTC3	ENSG00000182670	ENST00000450533	protein_coding	0	0	1	2	0	0	0	0	0	0	2	1	0	0	0	0	0
TTC3	ENSG00000182670	ENST00000540756	protein_coding	0	0	1	2	0	0	0	0	0	0	2	1	0	0	0	0	0
UCK1	ENSG00000130717	ENST00000372208	protein_coding	0	0	0	1	0	0	0	0	0	0	1	0	0	0	0	0	0
UCK1	ENSG00000130717	ENST00000372210	protein_coding	0	0	0	1	0	0	0	0	0	0	1	0	0	0	0	0	0
UCK1	ENSG00000130717	ENST00000372211	protein_coding	0	0	0	1	0	0	0	0	0	0	1	0	0	0	0	0	0
UCK1	ENSG00000130717	ENST00000372215	protein_coding	0	0	0	1	0	0	0	0	0	0	1	0	0	0	0	0	0
USP2	ENSG00000036672	ENST00000260187	protein_coding	0	0	0	4	0	0	0	0	0	0	4	0	0	0	0	0	0
USP2	ENSG00000036672	ENST00000455332	protein_coding	0	0	0	4	0	0	0	0	0	0	4	0	0	0	0	0	0
USP2	ENSG00000036672	ENST00000525735	protein_coding	0	0	0	4	0	0	0	0	0	0	4	0	0	0	0	0	0
VARS2	ENSG00000137411	ENST00000321897	protein_coding	0	1	0	2	0	0	0	0	0	0	3	0	0	1	0	0	0
VARS2	ENSG00000137411	ENST00000416670	protein_coding	0	1	0	2	0	0	0	0	0	0	3	0	0	1	0	0	0
VARS2	ENSG00000137411	ENST00000421263	protein_coding	0	0	0	1	0	0	0	0	1	0	0	0	0	0	0	0	0
VARS2	ENSG00000137411	ENST00000428017	protein_coding	0	0	0	1	0	0	0	0	0	0	1	0	0	0	0	0	0
VARS2	ENSG00000137411	ENST00000541562	protein_coding	0	1	0	2	0	0	0	0	0	0	3	0	0	1	0	0	0
VARS2	ENSG00000137411	ENST00000542001	protein_coding	0	1	0	2	0	0	0	0	0	0	3	0	0	1	0	0	0
VWA5B1	ENSG00000158816	ENST00000289815	protein_coding	0	0	0	4	0	0	0	0	0	0	4	0	0	0	0	0	0
VWA5B1	ENSG00000158816	ENST00000289825	protein_coding	0	0	0	4	0	0	0	0	0	0	4	0	0	0	0	0	0
VWA5B1	ENSG00000158816	ENST00000375079	protein_coding	0	0	0	4	0	0	0	0	0	0	4	0	0	0	0	0	0
VWA5B1	ENSG00000158816	ENST00000375083	protein_coding	0	0	0	4	0	0	0	0	0	0	4	0	0	0	0	0	0
WT1	ENSG00000184937	ENST00000332351	protein_coding	0	0	0	6	0	0	0	0	0	0	6	0	0	0	0	0	0
WT1	ENSG00000184937	ENST00000379079	protein_coding	0	0	0	6	0	0	0	0	0	0	6	0	0	0	0	0	0
WT1	ENSG00000184937	ENST00000448076	protein_coding	0	0	0	6	0	0	0	0	0	0	6	0	0	0	0	0	0
WT1	ENSG00000184937	ENST00000452863	protein_coding	0	0	0	6	0	0	0	0	0	0	6	0	0	0	0	0	0
WT1	ENSG00000184937	ENST00000527775	protein_coding	0	0	0	6	0	0	0	0	0	0	6	0	0	0	0	0	0
WT1	ENSG00000184937	ENST00000527882	protein_coding	0	0	0	6	0	0	0	0	0	0	6	0	0	0	0	0	0
WT1	ENSG00000184937	ENST00000530998	protein_coding	0	0	0	6	0	0	0	0	0	0	6	0	0	0	0	0	0
YES1	ENSG00000176105	ENST00000314574	protein_coding	1	0	4	2	2	0	0	0	0	0	1	4	1	0	0	0	0
YES1	ENSG00000176105	ENST00000577961	protein_coding	1	0	4	2	2	0	0	0	0	0	1	4	1	0	0	0	0
YES1	ENSG00000176105	ENST00000584307	protein_coding	1	0	4	2	2	0	0	0	0	0	1	4	1	0	0	0	0
YIPF2	ENSG00000130733	ENST00000253031	protein_coding	0	1	0	10	1	0	0	0	3	0	2	0	0	0	0	1	4
YIPF2	ENSG00000130733	ENST00000585858	protein_coding	0	0	0	11	0	0	0	0	6	0	1	0	0	0	0	0	4
YIPF2	ENSG00000130733	ENST00000586575	protein_coding	0	1	0	10	0	0	0	0	5	0	1	0	0	0	0	1	4
YIPF2	ENSG00000130733	ENST00000586748	protein_coding	0	1	0	10	1	0	0	0	3	0	2	0	0	0	0	1	4
YIPF2	ENSG00000130733	ENST00000587943	protein_coding	0	1	0	10	0	0	0	0	5	0	1	0	0	0	0	1	4
YIPF2	ENSG00000130733	ENST00000588347	protein_coding	0	0	0	11	0	0	0	0	6	0	1	0	0	0	0	0	4
YIPF2	ENSG00000130733	ENST00000589971	protein_coding	0	0	1	8	0	0	0	0	4	0	1	1	0	0	0	0	3
YIPF2	ENSG00000130733	ENST00000590329	protein_coding	0	1	0	10	0	0	0	0	5	0	1	0	0	0	0	1	4
YIPF2	ENSG00000130733	ENST00000591872	protein_coding	0	1	0	6	1	0	0	0	4	0	0	0	0	0	0	1	1
YIPF2	ENSG00000130733	ENST00000592646	protein_coding	0	2	0	7	1	0	0	0	3	0	1	0	0	1	0	1	3
ZNF330	ENSG00000109445	ENST00000262990	protein_coding	0	0	0	2	0	0	0	0	0	0	2	0	0	0	0	0	0
ZNF330	ENSG00000109445	ENST00000421169	protein_coding	0	0	0	2	0	0	0	0	0	0	2	0	0	0	0	0	0
ZNF330	ENSG00000109445	ENST00000503649	protein_coding	0	0	0	2	0	0	0	0	0	0	2	0	0	0	0	0	0
ZNF330	ENSG00000109445	ENST00000512738	protein_coding	0	0	0	2	0	0	0	0	0	0	2	0	0	0	0	0	0
ZNF330	ENSG00000109445	ENST00000512809	protein_coding	0	0	0	2	0	0	0	0	0	0	2	0	0	0	0	0	0
ZNF33B	ENSG00000196693	ENST00000359467	protein_coding	0	0	0	48	0	0	0	0	0	0	48	0	0	0	0	0	0
ZNF341	ENSG00000131061	ENST00000342427	protein_coding	0	0	0	4	0	0	0	0	0	0	4	0	0	0	0	0	0
ZNF341	ENSG00000131061	ENST00000375200	protein_coding	0	0	0	4	0	0	0	0	0	0	4	0	0	0	0	0	0
ZNF398	ENSG00000197024	ENST00000335901	protein_coding	0	0	0	3	0	0	0	0	0	0	0	0	0	0	0	0	3
ZNF398	ENSG00000197024	ENST00000420008	protein_coding	0	0	0	3	0	0	0	0	0	0	3	0	0	0	0	0	0
ZNF398	ENSG00000197024	ENST00000426851	protein_coding	0	0	0	18	0	0	0	0	0	0	15	0	0	0	0	0	3
ZNF398	ENSG00000197024	ENST00000475153	protein_coding	0	0	0	3	0	0	0	0	0	0	3	0	0	0	0	0	0
ZNF398	ENSG00000197024	ENST00000483892	protein_coding	0	0	0	3	0	0	0	0	0	0	3	0	0	0	0	0	0
ZNF398	ENSG00000197024	ENST00000491174	protein_coding	0	0	0	3	0	0	0	0	0	0	3	0	0	0	0	0	0
ZNF398	ENSG00000197024	ENST00000540950	protein_coding	0	0	0	3	0	0	0	0	0	0	3	0	0	0	0	0	0
ZNF425	ENSG00000204947	ENST00000378061	protein_coding	0	1	0	20	0	0	0	0	0	0	16	0	0	0	0	1	4
ZNF425	ENSG00000204947	ENST00000483014	protein_coding	0	1	0	20	0	0	0	0	0	0	16	0	0	0	0	1	4
ZNF75D	ENSG00000186376	ENST00000370764	protein_coding	0	0	0	6	0	0	0	0	3	0	3	0	0	0	0	0	0
ZNF75D	ENSG00000186376	ENST00000370766	protein_coding	0	0	1	5	0	0	0	0	3	0	2	1	0	0	0	0	0
