# The following table is formatted as tab separated values. 
#GeneName	GeneId	TranscriptId	BioType	variants_impact_HIGH	variants_impact_LOW	variants_impact_MODERATE	variants_impact_MODIFIER	variants_effect_3_prime_UTR_variant	variants_effect_5_prime_UTR_premature_start_codon_gain_variant	variants_effect_5_prime_UTR_variant	variants_effect_conservative_inframe_deletion	variants_effect_downstream_gene_variant	variants_effect_frameshift_variant	variants_effect_intron_variant	variants_effect_missense_variant	variants_effect_splice_acceptor_variant	variants_effect_splice_region_variant	variants_effect_stop_gained	variants_effect_synonymous_variant	variants_effect_upstream_gene_variant
ABCC3	ENSG00000108846	ENST00000285238	protein_coding	0	0	0	3	0	0	0	0	0	0	3	0	0	0	0	0	0
ABCC3	ENSG00000108846	ENST00000427699	protein_coding	0	0	0	3	0	0	0	0	0	0	3	0	0	0	0	0	0
AC138655.1	ENSG00000269563	ENST00000601243	protein_coding	0	0	0	1	0	0	0	0	1	0	0	0	0	0	0	0	0
ACBD3	ENSG00000182827	ENST00000366812	protein_coding	0	0	0	6	0	0	0	0	0	0	4	0	0	0	0	0	2
ACOT12	ENSG00000172497	ENST00000307624	protein_coding	0	0	0	5	0	0	0	0	0	0	5	0	0	0	0	0	0
ACOT12	ENSG00000172497	ENST00000513751	protein_coding	0	0	0	5	0	0	0	0	1	0	4	0	0	0	0	0	0
AGBL2	ENSG00000165923	ENST00000298861	protein_coding	0	0	0	1	0	0	0	0	1	0	0	0	0	0	0	0	0
AGBL2	ENSG00000165923	ENST00000357610	protein_coding	0	0	0	1	0	0	0	0	1	0	0	0	0	0	0	0	0
AGBL2	ENSG00000165923	ENST00000525123	protein_coding	0	0	0	1	0	0	0	0	1	0	0	0	0	0	0	0	0
AGPAT5	ENSG00000155189	ENST00000285518	protein_coding	0	0	0	1	0	0	0	0	1	0	0	0	0	0	0	0	0
AL360004.1	ENSG00000196979	ENST00000358748	protein_coding	0	0	1	1	0	0	0	0	0	0	0	1	0	0	0	0	1
ALK	ENSG00000171094	ENST00000389048	protein_coding	0	0	0	3	0	0	0	0	0	0	3	0	0	0	0	0	0
ALK	ENSG00000171094	ENST00000431873	protein_coding	0	0	0	3	0	0	0	0	0	0	3	0	0	0	0	0	0
ANGPT2	ENSG00000091879	ENST00000325203	protein_coding	0	0	0	2	0	0	0	0	0	0	2	0	0	0	0	0	0
ANGPT2	ENSG00000091879	ENST00000338312	protein_coding	0	0	0	2	0	0	0	0	0	0	2	0	0	0	0	0	0
ANGPT2	ENSG00000091879	ENST00000415216	protein_coding	0	0	0	2	0	0	0	0	0	0	2	0	0	0	0	0	0
ANGPT2	ENSG00000091879	ENST00000523120	protein_coding	0	0	0	2	0	0	0	0	0	0	2	0	0	0	0	0	0
ARID1B	ENSG00000049618	ENST00000275248	protein_coding	0	0	0	8	0	0	0	0	0	0	8	0	0	0	0	0	0
ARID1B	ENSG00000049618	ENST00000346085	protein_coding	0	0	0	8	0	0	0	0	0	0	8	0	0	0	0	0	0
ARID1B	ENSG00000049618	ENST00000350026	protein_coding	0	0	0	8	0	0	0	0	0	0	8	0	0	0	0	0	0
ARID1B	ENSG00000049618	ENST00000367148	protein_coding	0	0	0	8	0	0	0	0	0	0	8	0	0	0	0	0	0
ARID1B	ENSG00000049618	ENST00000414678	protein_coding	0	0	0	8	0	0	0	0	0	0	8	0	0	0	0	0	0
ARMC9	ENSG00000135931	ENST00000349938	protein_coding	0	0	0	4	0	0	0	0	1	0	3	0	0	0	0	0	0
ARMC9	ENSG00000135931	ENST00000424740	protein_coding	0	0	0	1	0	0	0	0	0	0	1	0	0	0	0	0	0
ARMC9	ENSG00000135931	ENST00000436339	protein_coding	0	0	0	1	0	0	0	0	0	0	1	0	0	0	0	0	0
ARMC9	ENSG00000135931	ENST00000446447	protein_coding	0	0	0	1	0	0	0	0	0	0	1	0	0	0	0	0	0
ASIC2	ENSG00000108684	ENST00000225823	protein_coding	0	0	0	11	1	0	0	0	2	0	8	0	0	0	0	0	0
ASIC2	ENSG00000108684	ENST00000359872	protein_coding	0	0	0	11	1	0	0	0	2	0	8	0	0	0	0	0	0
ASPN	ENSG00000106819	ENST00000375543	protein_coding	0	0	0	3	0	0	0	0	0	0	1	0	0	0	0	0	2
ASPN	ENSG00000106819	ENST00000375544	protein_coding	0	0	0	3	0	0	0	0	0	0	1	0	0	0	0	0	2
ASPN	ENSG00000106819	ENST00000395538	protein_coding	0	0	0	3	0	0	0	0	0	0	1	0	0	0	0	0	2
ASPN	ENSG00000106819	ENST00000450139	protein_coding	0	0	0	3	0	0	0	0	0	0	1	0	0	0	0	0	2
ATM	ENSG00000149311	ENST00000278616	protein_coding	0	0	0	3	0	0	0	0	1	0	2	0	0	0	0	0	0
ATM	ENSG00000149311	ENST00000452508	protein_coding	0	0	0	3	0	0	0	0	1	0	2	0	0	0	0	0	0
ATP6V0A1	ENSG00000033627	ENST00000264649	protein_coding	0	0	0	2	0	0	0	0	0	0	2	0	0	0	0	0	0
ATP6V0A1	ENSG00000033627	ENST00000343619	protein_coding	0	0	0	2	0	0	0	0	0	0	2	0	0	0	0	0	0
ATP6V0A1	ENSG00000033627	ENST00000393829	protein_coding	0	0	0	2	0	0	0	0	0	0	2	0	0	0	0	0	0
ATP6V0A1	ENSG00000033627	ENST00000537728	protein_coding	0	0	0	2	0	0	0	0	0	0	2	0	0	0	0	0	0
ATP6V0A1	ENSG00000033627	ENST00000544137	protein_coding	0	0	0	2	0	0	0	0	0	0	2	0	0	0	0	0	0
ATP6V0A1	ENSG00000033627	ENST00000546249	protein_coding	0	0	0	2	0	0	0	0	0	0	2	0	0	0	0	0	0
ATP6V0A1	ENSG00000033627	ENST00000585525	protein_coding	0	0	0	2	0	0	0	0	0	0	2	0	0	0	0	0	0
ATP6V0A1	ENSG00000033627	ENST00000589727	protein_coding	0	0	0	2	0	0	0	0	0	0	2	0	0	0	0	0	0
ATP6V0A1	ENSG00000033627	ENST00000592324	protein_coding	0	0	1	1	0	0	0	0	0	0	1	1	0	0	0	0	0
ATP6V1D	ENSG00000100554	ENST00000216442	protein_coding	0	0	0	1	0	0	0	0	0	0	1	0	0	0	0	0	0
ATP6V1D	ENSG00000100554	ENST00000553687	protein_coding	0	0	0	1	0	0	0	0	0	0	1	0	0	0	0	0	0
ATP6V1D	ENSG00000100554	ENST00000554236	protein_coding	0	0	0	1	0	0	0	0	0	0	1	0	0	0	0	0	0
ATP6V1D	ENSG00000100554	ENST00000555012	protein_coding	0	0	0	1	0	0	0	0	0	0	1	0	0	0	0	0	0
ATP6V1D	ENSG00000100554	ENST00000555431	protein_coding	0	0	0	1	0	0	0	0	0	0	1	0	0	0	0	0	0
ATP6V1D	ENSG00000100554	ENST00000555474	protein_coding	0	0	0	1	0	0	0	0	0	0	1	0	0	0	0	0	0
ATP6V1D	ENSG00000100554	ENST00000555723	protein_coding	0	0	0	1	0	0	0	0	0	0	0	0	0	0	0	0	1
BAHD1	ENSG00000140320	ENST00000416165	protein_coding	0	0	0	2	0	0	0	0	0	0	0	0	0	0	0	0	2
BAHD1	ENSG00000140320	ENST00000561234	protein_coding	0	0	0	2	0	0	0	0	0	0	0	0	0	0	0	0	2
BBS9	ENSG00000122507	ENST00000242067	protein_coding	0	0	0	1	0	0	0	0	0	0	1	0	0	0	0	0	0
BBS9	ENSG00000122507	ENST00000350941	protein_coding	0	0	0	1	0	0	0	0	0	0	1	0	0	0	0	0	0
BBS9	ENSG00000122507	ENST00000354265	protein_coding	0	0	0	1	0	0	0	0	0	0	1	0	0	0	0	0	0
BBS9	ENSG00000122507	ENST00000355070	protein_coding	0	0	0	1	0	0	0	0	0	0	1	0	0	0	0	0	0
BBS9	ENSG00000122507	ENST00000396127	protein_coding	0	0	0	1	0	0	0	0	0	0	1	0	0	0	0	0	0
BBS9	ENSG00000122507	ENST00000425508	protein_coding	0	0	0	1	0	0	0	0	0	0	1	0	0	0	0	0	0
BBS9	ENSG00000122507	ENST00000432983	protein_coding	0	0	0	1	0	0	0	0	0	0	1	0	0	0	0	0	0
BCO2	ENSG00000197580	ENST00000357685	protein_coding	1	0	0	3	2	0	0	0	0	0	2	0	1	0	0	0	0
BCO2	ENSG00000197580	ENST00000361053	protein_coding	1	0	0	3	1	0	0	0	1	0	2	0	1	0	0	0	0
BCO2	ENSG00000197580	ENST00000393032	protein_coding	1	0	0	3	2	0	0	0	0	0	2	0	1	0	0	0	0
BCO2	ENSG00000197580	ENST00000438022	protein_coding	1	1	0	3	1	0	0	0	1	0	2	0	1	1	0	0	0
BCO2	ENSG00000197580	ENST00000525175	protein_coding	1	0	0	3	1	0	0	0	1	0	2	0	1	0	0	0	0
BCO2	ENSG00000197580	ENST00000526088	protein_coding	1	0	0	3	1	0	0	0	1	0	2	0	1	0	0	0	0
BCO2	ENSG00000197580	ENST00000530677	protein_coding	0	0	0	4	0	0	0	0	4	0	0	0	0	0	0	0	0
BCO2	ENSG00000197580	ENST00000531169	protein_coding	1	0	0	3	0	0	0	0	0	0	4	0	1	0	0	0	0
BCO2	ENSG00000197580	ENST00000532593	protein_coding	1	0	0	3	0	0	0	0	2	0	2	0	1	0	0	0	0
BICD2	ENSG00000185963	ENST00000356884	protein_coding	0	0	1	8	2	0	0	0	0	0	6	1	0	0	0	0	0
BICD2	ENSG00000185963	ENST00000375512	protein_coding	0	0	1	8	0	0	0	0	0	0	8	1	0	1	0	0	0
BNIP3L	ENSG00000104765	ENST00000523949	protein_coding	0	0	0	4	0	0	0	0	0	0	4	0	0	0	0	0	0
C11orf45	ENSG00000174370	ENST00000310799	protein_coding	0	0	0	2	0	0	0	0	0	0	2	0	0	0	0	0	0
C11orf45	ENSG00000174370	ENST00000524878	protein_coding	0	0	0	2	0	0	0	0	0	0	2	0	0	0	0	0	0
C11orf65	ENSG00000166323	ENST00000393084	protein_coding	0	0	0	25	0	0	0	0	3	0	22	0	0	0	0	0	0
C11orf65	ENSG00000166323	ENST00000524755	protein_coding	0	0	0	10	0	0	0	0	0	0	10	0	0	0	0	0	0
C11orf65	ENSG00000166323	ENST00000525729	protein_coding	0	0	0	28	0	0	0	0	0	0	28	0	0	0	0	0	0
C11orf65	ENSG00000166323	ENST00000529391	protein_coding	0	0	0	25	0	0	0	0	3	0	22	0	0	0	0	0	0
C11orf65	ENSG00000166323	ENST00000533583	protein_coding	0	0	0	21	0	0	0	0	0	0	21	0	0	0	0	0	0
C19orf26	ENSG00000099625	ENST00000215376	protein_coding	0	0	0	3	0	0	0	0	3	0	0	0	0	0	0	0	0
C19orf26	ENSG00000099625	ENST00000382477	protein_coding	0	0	0	3	0	0	0	0	3	0	0	0	0	0	0	0	0
C19orf26	ENSG00000099625	ENST00000590083	protein_coding	0	0	0	3	0	0	0	0	3	0	0	0	0	0	0	0	0
C19orf38	ENSG00000214212	ENST00000397820	protein_coding	0	0	0	1	0	0	0	0	1	0	0	0	0	0	0	0	0
C19orf38	ENSG00000214212	ENST00000592854	protein_coding	0	0	0	1	0	0	0	0	1	0	0	0	0	0	0	0	0
C1QL1	ENSG00000131094	ENST00000253407	protein_coding	0	0	0	3	0	0	0	0	0	0	0	0	0	0	0	0	3
C2orf61	ENSG00000239605	ENST00000294947	protein_coding	0	0	0	1	0	0	0	0	0	0	1	0	0	0	0	0	0
C2orf61	ENSG00000239605	ENST00000445927	protein_coding	0	0	0	1	0	0	0	0	0	0	1	0	0	0	0	0	0
C2orf61	ENSG00000239605	ENST00000449846	protein_coding	0	0	0	1	0	0	0	0	0	0	1	0	0	0	0	0	0
C3orf83	ENSG00000225526	ENST00000564146	protein_coding	0	1	0	1	0	0	0	0	0	0	1	0	0	0	0	1	0
C5orf66	ENSG00000224186	ENST00000432382	protein_coding	0	0	0	2	2	0	0	0	0	0	0	0	0	0	0	0	0
C5orf66	ENSG00000224186	ENST00000555438	protein_coding	0	0	0	2	0	0	0	0	0	0	2	0	0	0	0	0	0
C6orf211	ENSG00000146476	ENST00000367294	protein_coding	1	0	2	24	0	0	0	0	2	1	16	2	0	0	0	0	6
C6orf211	ENSG00000146476	ENST00000545879	protein_coding	1	0	2	21	0	0	0	0	0	1	16	2	0	0	0	0	5
C9orf53	ENSG00000224854	ENST00000441769	protein_coding	0	0	0	4	0	0	0	0	4	0	0	0	0	0	0	0	0
CA10	ENSG00000154975	ENST00000285273	protein_coding	0	0	0	26	0	0	0	0	0	0	26	0	0	0	0	0	0
CA10	ENSG00000154975	ENST00000340813	protein_coding	0	0	0	26	0	0	0	0	0	0	26	0	0	0	0	0	0
CA10	ENSG00000154975	ENST00000442502	protein_coding	0	0	0	26	0	0	0	0	0	0	26	0	0	0	0	0	0
CA10	ENSG00000154975	ENST00000451037	protein_coding	0	0	0	26	0	0	0	0	0	0	26	0	0	0	0	0	0
CA10	ENSG00000154975	ENST00000570565	protein_coding	0	0	0	26	0	0	0	0	0	0	26	0	0	0	0	0	0
CA10	ENSG00000154975	ENST00000575181	protein_coding	0	0	0	26	0	0	0	0	0	0	26	0	0	0	0	0	0
CARM1	ENSG00000142453	ENST00000327064	protein_coding	0	0	0	29	1	0	0	0	1	0	27	0	0	0	0	0	0
CARM1	ENSG00000142453	ENST00000344150	protein_coding	0	0	0	29	1	0	0	0	1	0	27	0	0	0	0	0	0
CARM1	ENSG00000142453	ENST00000586298	protein_coding	0	0	0	8	0	0	0	0	2	0	1	0	0	0	0	0	5
CARM1	ENSG00000142453	ENST00000588947	protein_coding	0	0	0	21	0	0	0	0	2	0	19	0	0	0	0	0	0
CASP14	ENSG00000105141	ENST00000221740	protein_coding	0	0	0	9	0	0	0	0	2	0	2	0	0	0	0	0	5
CASP14	ENSG00000105141	ENST00000427043	protein_coding	0	0	0	9	0	0	0	0	2	0	7	0	0	0	0	0	0
CCDC12	ENSG00000160799	ENST00000292314	protein_coding	0	0	0	2	0	0	0	0	0	0	0	0	0	0	0	0	2
CCDC12	ENSG00000160799	ENST00000425441	protein_coding	0	0	0	2	0	0	0	0	0	0	2	0	0	0	0	0	0
CCDC12	ENSG00000160799	ENST00000446836	protein_coding	0	0	0	2	0	0	0	0	0	0	2	0	0	0	0	0	0
CCDC12	ENSG00000160799	ENST00000546280	protein_coding	0	0	0	2	0	0	0	0	0	0	0	0	0	0	0	0	2
CCDC12	ENSG00000160799	ENST00000605875	protein_coding	0	0	0	2	0	0	0	0	0	0	2	0	0	0	0	0	0
CCDC170	ENSG00000120262	ENST00000239374	protein_coding	0	0	0	4	0	0	0	0	2	0	2	0	0	0	0	0	0
CCDC170	ENSG00000120262	ENST00000367290	protein_coding	0	0	0	4	0	0	0	0	2	0	2	0	0	0	0	0	0
CD274	ENSG00000120217	ENST00000381573	protein_coding	0	0	0	5	1	0	0	0	0	0	4	0	0	0	0	0	0
CD274	ENSG00000120217	ENST00000381577	protein_coding	0	0	0	5	1	0	0	0	0	0	4	0	0	0	0	0	0
CDC37	ENSG00000105401	ENST00000222005	protein_coding	0	0	0	3	0	0	0	0	3	0	0	0	0	0	0	0	0
CDC37	ENSG00000105401	ENST00000589331	protein_coding	0	0	0	3	0	0	0	0	3	0	0	0	0	0	0	0	0
CDC37	ENSG00000105401	ENST00000589625	protein_coding	0	0	0	3	0	0	0	0	3	0	0	0	0	0	0	0	0
CDC37	ENSG00000105401	ENST00000589629	protein_coding	0	0	0	3	0	0	0	0	3	0	0	0	0	0	0	0	0
CDC37	ENSG00000105401	ENST00000593124	protein_coding	0	0	0	3	0	0	0	0	3	0	0	0	0	0	0	0	0
CDC73	ENSG00000134371	ENST00000367435	protein_coding	0	0	0	1	0	0	0	0	0	0	1	0	0	0	0	0	0
CDH1	ENSG00000039068	ENST00000261769	protein_coding	0	0	0	11	0	0	0	0	0	0	11	0	0	0	0	0	0
CDH1	ENSG00000039068	ENST00000422392	protein_coding	0	0	0	11	0	0	0	0	0	0	11	0	0	0	0	0	0
CDH3	ENSG00000062038	ENST00000264012	protein_coding	0	0	0	3	0	0	0	0	3	0	0	0	0	0	0	0	0
CDH3	ENSG00000062038	ENST00000429102	protein_coding	0	0	0	3	0	0	0	0	3	0	0	0	0	0	0	0	0
CDH3	ENSG00000062038	ENST00000569080	protein_coding	0	0	0	4	0	0	0	0	0	0	4	0	0	0	0	0	0
CDH3	ENSG00000062038	ENST00000581171	protein_coding	0	0	0	3	0	0	0	0	3	0	0	0	0	0	0	0	0
CDK10	ENSG00000185324	ENST00000331006	protein_coding	0	1	0	3	0	1	1	0	1	0	0	0	0	0	0	0	1
CDK10	ENSG00000185324	ENST00000353379	protein_coding	0	0	0	2	0	0	0	0	1	0	0	0	0	0	0	0	1
CDK10	ENSG00000185324	ENST00000505473	protein_coding	0	0	0	2	0	0	0	0	1	0	0	0	0	0	0	0	1
CDK10	ENSG00000185324	ENST00000564192	protein_coding	0	0	0	2	0	0	0	0	1	0	0	0	0	0	0	0	1
CDKN2A	ENSG00000147889	ENST00000304494	protein_coding	0	3	0	4	0	0	0	0	0	0	4	0	0	0	0	3	0
CDKN2A	ENSG00000147889	ENST00000361570	protein_coding	0	0	1	7	1	0	0	0	0	0	6	1	0	0	0	0	0
CDKN2A	ENSG00000147889	ENST00000446177	protein_coding	0	3	0	4	0	0	0	0	2	0	3	0	0	1	0	2	0
CDKN2A	ENSG00000147889	ENST00000479692	protein_coding	0	0	0	7	0	0	0	0	4	0	0	0	0	0	0	0	3
CDKN2A	ENSG00000147889	ENST00000494262	protein_coding	0	1	0	7	0	0	0	0	0	0	7	0	0	0	0	1	0
CDKN2A	ENSG00000147889	ENST00000497750	protein_coding	0	0	0	7	0	0	0	0	4	0	0	0	0	0	0	0	3
CDKN2A	ENSG00000147889	ENST00000498124	protein_coding	0	3	0	4	2	0	0	0	0	0	3	0	0	1	0	2	0
CDKN2A	ENSG00000147889	ENST00000498628	protein_coding	0	1	0	7	0	0	0	0	0	0	7	0	0	0	0	1	0
CDKN2A	ENSG00000147889	ENST00000530628	protein_coding	0	0	0	8	1	0	1	0	0	0	6	0	0	0	0	0	0
CDKN2A	ENSG00000147889	ENST00000578845	protein_coding	0	1	0	6	0	0	0	0	0	0	3	0	0	0	0	1	3
CDKN2A	ENSG00000147889	ENST00000579122	protein_coding	1	2	0	4	0	0	0	0	0	0	4	0	0	0	1	2	0
CDKN2A	ENSG00000147889	ENST00000579755	protein_coding	0	0	0	8	1	0	1	0	0	0	6	0	0	0	0	0	0
CDKN2B	ENSG00000147883	ENST00000276925	protein_coding	0	0	0	1	0	0	0	0	0	0	1	0	0	0	0	0	0
CDKN2B	ENSG00000147883	ENST00000380142	protein_coding	0	0	0	1	0	0	0	0	0	0	1	0	0	0	0	0	0
CDKN2B	ENSG00000147883	ENST00000539462	protein_coding	0	0	0	1	0	0	0	0	1	0	0	0	0	0	0	0	0
CENPP	ENSG00000188312	ENST00000375587	protein_coding	0	0	0	10	0	0	0	0	0	0	10	0	0	0	0	0	0
CIB1	ENSG00000185043	ENST00000328649	protein_coding	0	0	0	2	0	0	0	0	2	0	0	0	0	0	0	0	0
CLIP4	ENSG00000115295	ENST00000401605	protein_coding	0	1	0	1	0	1	1	0	0	0	0	0	0	0	0	0	0
CLIP4	ENSG00000115295	ENST00000401617	protein_coding	0	1	0	1	0	1	1	0	0	0	0	0	0	0	0	0	0
CLUAP1	ENSG00000103351	ENST00000341633	protein_coding	0	0	0	12	0	0	0	0	2	0	10	0	0	0	0	0	0
CLUAP1	ENSG00000103351	ENST00000417763	protein_coding	0	0	0	12	0	0	0	0	2	0	10	0	0	0	0	0	0
CLUAP1	ENSG00000103351	ENST00000445795	protein_coding	0	0	0	12	0	0	0	0	2	0	10	0	0	0	0	0	0
CLUAP1	ENSG00000103351	ENST00000571025	protein_coding	0	0	0	12	5	0	0	0	2	0	5	0	0	0	0	0	0
CLUAP1	ENSG00000103351	ENST00000572600	protein_coding	0	0	0	12	0	0	0	0	2	0	10	0	0	0	0	0	0
CLUAP1	ENSG00000103351	ENST00000574551	protein_coding	0	0	0	10	0	0	0	0	10	0	0	0	0	0	0	0	0
CLUAP1	ENSG00000103351	ENST00000576634	protein_coding	0	0	0	13	0	0	0	0	3	0	10	0	0	0	0	0	0
COL3A1	ENSG00000168542	ENST00000304636	protein_coding	0	0	0	1	0	0	0	0	0	0	1	0	0	0	0	0	0
COL3A1	ENSG00000168542	ENST00000317840	protein_coding	0	0	0	1	0	0	0	0	0	0	1	0	0	0	0	0	0
COL3A1	ENSG00000168542	ENST00000450867	protein_coding	0	0	0	1	0	0	0	0	0	0	0	0	0	0	0	0	1
CPS1	ENSG00000021826	ENST00000233072	protein_coding	0	0	0	4	0	0	0	0	0	0	3	0	0	0	0	0	1
CPS1	ENSG00000021826	ENST00000417946	protein_coding	0	0	0	4	0	0	0	0	0	0	4	0	0	0	0	0	0
CPS1	ENSG00000021826	ENST00000430249	protein_coding	0	0	0	4	0	0	0	0	0	0	4	0	0	0	0	0	0
CPS1	ENSG00000021826	ENST00000518043	protein_coding	0	0	0	4	0	0	0	0	0	0	4	0	0	0	0	0	0
CPS1	ENSG00000021826	ENST00000523702	protein_coding	0	0	0	4	0	0	0	0	0	0	4	0	0	0	0	0	0
CTDSPL2	ENSG00000137770	ENST00000260327	protein_coding	0	0	0	3	0	0	0	0	0	0	0	0	0	0	0	0	3
CTDSPL2	ENSG00000137770	ENST00000396780	protein_coding	0	0	0	3	0	0	0	0	0	0	0	0	0	0	0	0	3
CTDSPL2	ENSG00000137770	ENST00000558791	protein_coding	0	0	0	3	0	0	0	0	0	0	0	0	0	0	0	0	3
CTDSPL2	ENSG00000137770	ENST00000558966	protein_coding	0	0	0	3	0	0	0	0	0	0	0	0	0	0	0	0	3
CTDSPL2	ENSG00000137770	ENST00000558968	protein_coding	0	0	0	3	0	0	0	0	0	0	0	0	0	0	0	0	3
CTDSPL2	ENSG00000137770	ENST00000559793	protein_coding	0	0	0	3	0	0	0	0	0	0	0	0	0	0	0	0	3
CTNNB1	ENSG00000168036	ENST00000405570	protein_coding	0	0	0	1	0	0	0	0	0	0	0	0	0	0	0	0	1
CTNNB1	ENSG00000168036	ENST00000426215	protein_coding	0	0	0	1	0	0	0	0	0	0	0	0	0	0	0	0	1
CTNNB1	ENSG00000168036	ENST00000433400	protein_coding	0	0	0	1	0	0	0	0	0	0	0	0	0	0	0	0	1
CXorf36	ENSG00000147113	ENST00000377934	protein_coding	0	0	0	6	0	0	0	0	0	0	3	0	0	0	0	0	3
CXorf36	ENSG00000147113	ENST00000398000	protein_coding	0	0	1	6	0	0	0	0	0	0	3	1	0	0	0	0	3
CYSLTR1	ENSG00000173198	ENST00000373304	protein_coding	0	0	0	2	0	0	0	0	0	0	2	0	0	0	0	0	0
DAGLA	ENSG00000134780	ENST00000257215	protein_coding	0	0	0	1	0	0	0	0	0	0	0	0	0	0	0	0	1
DBH	ENSG00000123454	ENST00000263611	protein_coding	0	0	0	18	0	0	0	0	4	0	9	0	0	0	0	0	5
DBH	ENSG00000123454	ENST00000393056	protein_coding	1	1	0	27	0	0	0	0	0	1	22	0	0	0	0	1	5
DCAKD	ENSG00000172992	ENST00000310604	protein_coding	0	0	0	11	0	0	0	0	0	0	11	0	0	0	0	0	0
DCAKD	ENSG00000172992	ENST00000342350	protein_coding	0	0	0	17	0	0	0	0	5	0	12	0	0	0	0	0	0
DCAKD	ENSG00000172992	ENST00000452796	protein_coding	0	0	0	8	0	0	0	0	5	0	1	0	0	0	0	0	2
DCAKD	ENSG00000172992	ENST00000588499	protein_coding	0	0	0	17	0	0	0	0	5	0	12	0	0	0	0	0	0
DCAKD	ENSG00000172992	ENST00000593094	protein_coding	0	0	0	16	0	0	0	0	4	0	12	0	0	0	0	0	0
DCC	ENSG00000187323	ENST00000442544	protein_coding	0	0	0	1	0	0	0	0	1	0	0	0	0	0	0	0	0
DCC	ENSG00000187323	ENST00000581580	protein_coding	0	0	0	1	0	0	0	0	1	0	0	0	0	0	0	0	0
DCTN4	ENSG00000132912	ENST00000424236	protein_coding	0	0	0	11	0	0	0	0	0	0	11	0	0	0	0	0	0
DCTN4	ENSG00000132912	ENST00000446090	protein_coding	0	0	0	11	0	0	0	0	0	0	11	0	0	0	0	0	0
DCTN4	ENSG00000132912	ENST00000447998	protein_coding	0	0	0	11	0	0	0	0	0	0	11	0	0	0	0	0	0
DCTN4	ENSG00000132912	ENST00000518015	protein_coding	0	0	0	11	0	0	0	0	0	0	11	0	0	0	0	0	0
DCTN4	ENSG00000132912	ENST00000521533	protein_coding	0	0	0	11	0	0	0	0	0	0	11	0	0	0	0	0	0
DCTN4	ENSG00000132912	ENST00000521728	protein_coding	0	0	0	11	0	0	0	0	0	0	7	0	0	0	0	0	4
DDR2	ENSG00000162733	ENST00000367921	protein_coding	0	0	0	3	0	0	0	0	3	0	0	0	0	0	0	0	0
DDR2	ENSG00000162733	ENST00000367922	protein_coding	0	0	0	7	4	0	0	0	3	0	0	0	0	0	0	0	0
DDX42	ENSG00000198231	ENST00000359353	protein_coding	0	0	0	3	0	0	0	0	0	0	3	0	0	0	0	0	0
DDX42	ENSG00000198231	ENST00000389924	protein_coding	0	0	0	3	0	0	0	0	0	0	3	0	0	0	0	0	0
DDX42	ENSG00000198231	ENST00000457800	protein_coding	0	0	0	3	0	0	0	0	0	0	0	0	0	0	0	0	3
DDX42	ENSG00000198231	ENST00000578681	protein_coding	0	0	0	3	0	0	0	0	0	0	3	0	0	0	0	0	0
DDX42	ENSG00000198231	ENST00000581135	protein_coding	0	0	0	3	0	0	0	0	0	0	3	0	0	0	0	0	0
DDX42	ENSG00000198231	ENST00000583590	protein_coding	0	0	0	3	0	0	0	0	0	0	3	0	0	0	0	0	0
DDX51	ENSG00000185163	ENST00000397333	protein_coding	1	0	0	3	0	0	0	0	0	1	2	0	0	0	0	0	1
DHDDS	ENSG00000117682	ENST00000236342	protein_coding	0	0	0	10	0	0	0	0	0	0	10	0	0	0	0	0	0
DHDDS	ENSG00000117682	ENST00000360009	protein_coding	0	0	0	10	0	0	0	0	0	0	10	0	0	0	0	0	0
DHDDS	ENSG00000117682	ENST00000374185	protein_coding	0	0	0	10	0	0	0	0	1	0	9	0	0	0	0	0	0
DHDDS	ENSG00000117682	ENST00000416052	protein_coding	0	0	0	5	0	0	0	0	0	0	2	0	0	0	0	0	3
DHDDS	ENSG00000117682	ENST00000427245	protein_coding	0	0	0	10	0	0	0	0	0	0	10	0	0	0	0	0	0
DHDDS	ENSG00000117682	ENST00000430232	protein_coding	0	0	0	10	0	0	0	0	0	0	10	0	0	0	0	0	0
DHDDS	ENSG00000117682	ENST00000431933	protein_coding	0	0	0	6	0	0	0	0	0	0	5	0	0	0	0	0	1
DHDDS	ENSG00000117682	ENST00000436153	protein_coding	0	0	0	10	0	0	0	0	1	0	9	0	0	0	0	0	0
DHDDS	ENSG00000117682	ENST00000525165	protein_coding	0	0	0	10	0	0	0	0	2	0	8	0	0	0	0	0	0
DHDDS	ENSG00000117682	ENST00000525326	protein_coding	0	0	0	9	0	0	0	0	4	0	5	0	0	0	0	0	0
DHDDS	ENSG00000117682	ENST00000525546	protein_coding	0	0	0	9	0	0	0	0	4	0	5	0	0	0	0	0	0
DHDDS	ENSG00000117682	ENST00000525682	protein_coding	0	0	0	10	0	0	0	0	0	0	10	0	0	0	0	0	0
DHDDS	ENSG00000117682	ENST00000526219	protein_coding	0	0	0	10	0	0	0	0	0	0	10	0	0	0	0	0	0
DHDDS	ENSG00000117682	ENST00000530781	protein_coding	0	0	0	5	0	0	0	0	1	0	4	0	0	0	0	0	0
DHDDS	ENSG00000117682	ENST00000531312	protein_coding	0	0	0	10	0	0	0	0	2	0	8	0	0	0	0	0	0
DHDDS	ENSG00000117682	ENST00000533087	protein_coding	0	0	0	10	0	0	0	0	1	0	9	0	0	0	0	0	0
DNAH1	ENSG00000114841	ENST00000420323	protein_coding	1	1	0	0	0	0	0	0	0	1	0	0	0	0	0	1	0
DNAH2	ENSG00000183914	ENST00000389173	protein_coding	0	2	0	3	0	0	0	0	0	0	3	0	0	0	0	2	0
DNAH2	ENSG00000183914	ENST00000572933	protein_coding	0	2	0	3	0	0	0	0	0	0	3	0	0	0	0	2	0
DPYD	ENSG00000188641	ENST00000370192	protein_coding	0	0	0	1	0	0	0	0	0	0	1	0	0	0	0	0	0
DSCAM	ENSG00000171587	ENST00000400454	protein_coding	0	0	0	40	0	0	0	0	0	0	40	0	0	0	0	0	0
DSCAM	ENSG00000171587	ENST00000404019	protein_coding	0	0	0	40	0	0	0	0	0	0	40	0	0	0	0	0	0
DTX3L	ENSG00000163840	ENST00000296161	protein_coding	0	0	0	2	0	0	0	0	0	0	1	0	0	0	0	0	1
DTX3L	ENSG00000163840	ENST00000383661	protein_coding	0	0	0	2	0	0	0	0	0	0	1	0	0	0	0	0	1
DUSP16	ENSG00000111266	ENST00000228862	protein_coding	0	0	0	2	0	0	0	0	0	0	0	0	0	0	0	0	2
DUSP16	ENSG00000111266	ENST00000539940	protein_coding	0	0	0	2	0	0	0	0	0	0	0	0	0	0	0	0	2
DUSP16	ENSG00000111266	ENST00000541207	protein_coding	0	0	0	2	0	0	0	0	0	0	0	0	0	0	0	0	2
EGFR	ENSG00000146648	ENST00000275493	protein_coding	0	0	0	24	0	0	0	0	0	0	24	0	0	0	0	0	0
EGFR	ENSG00000146648	ENST00000342916	protein_coding	0	0	0	24	0	0	0	0	0	0	24	0	0	0	0	0	0
EGFR	ENSG00000146648	ENST00000344576	protein_coding	0	0	0	24	0	0	0	0	0	0	24	0	0	0	0	0	0
EGFR	ENSG00000146648	ENST00000420316	protein_coding	0	0	0	24	0	0	0	0	0	0	24	0	0	0	0	0	0
EGFR	ENSG00000146648	ENST00000442591	protein_coding	0	0	0	24	0	0	0	0	0	0	24	0	0	0	0	0	0
EGFR	ENSG00000146648	ENST00000450046	protein_coding	0	0	0	7	0	0	0	0	0	0	6	0	0	0	0	0	1
EGFR	ENSG00000146648	ENST00000454757	protein_coding	0	0	0	7	0	0	0	0	0	0	6	0	0	0	0	0	1
EGFR	ENSG00000146648	ENST00000455089	protein_coding	0	0	0	24	0	0	0	0	0	0	24	0	0	0	0	0	0
EIF2B3	ENSG00000070785	ENST00000360403	protein_coding	0	0	0	7	0	0	0	0	0	0	7	0	0	0	0	0	0
EIF2B3	ENSG00000070785	ENST00000439363	protein_coding	0	0	0	7	0	0	0	0	0	0	7	0	0	0	0	0	0
EIF2S1	ENSG00000134001	ENST00000256383	protein_coding	0	0	0	1	0	0	0	0	0	0	0	0	0	0	0	0	1
EIF2S1	ENSG00000134001	ENST00000557310	protein_coding	0	0	0	1	0	0	0	0	0	0	0	0	0	0	0	0	1
EMC3	ENSG00000125037	ENST00000245046	protein_coding	0	0	0	1	0	0	1	0	0	0	0	0	0	0	0	0	0
EMC3	ENSG00000125037	ENST00000429759	protein_coding	0	0	0	1	0	0	0	0	0	0	0	0	0	0	0	0	1
EMC3	ENSG00000125037	ENST00000470827	protein_coding	0	0	0	7	0	0	0	0	0	0	7	0	0	0	0	0	0
EMID1	ENSG00000186998	ENST00000334018	protein_coding	0	0	0	6	0	0	0	0	0	0	6	0	0	0	0	0	0
EMID1	ENSG00000186998	ENST00000404755	protein_coding	0	0	0	6	0	0	0	0	0	0	6	0	0	0	0	0	0
EMID1	ENSG00000186998	ENST00000404820	protein_coding	0	0	0	6	0	0	0	0	0	0	6	0	0	0	0	0	0
EMID1	ENSG00000186998	ENST00000429226	protein_coding	0	0	0	2	0	0	0	0	0	0	2	0	0	0	0	0	0
EMID1	ENSG00000186998	ENST00000430127	protein_coding	0	0	0	2	0	0	0	0	0	0	2	0	0	0	0	0	0
EMID1	ENSG00000186998	ENST00000433143	protein_coding	0	0	0	3	0	0	0	0	2	0	1	0	0	0	0	0	0
EPM2AIP1	ENSG00000178567	ENST00000322716	protein_coding	0	0	0	1	1	0	0	0	0	0	0	0	0	0	0	0	0
ERBB4	ENSG00000178568	ENST00000260943	protein_coding	0	0	0	2	0	0	0	0	0	0	2	0	0	0	0	0	0
ERBB4	ENSG00000178568	ENST00000342788	protein_coding	0	0	0	2	0	0	0	0	0	0	2	0	0	0	0	0	0
ERBB4	ENSG00000178568	ENST00000402597	protein_coding	0	0	0	2	0	0	0	0	0	0	2	0	0	0	0	0	0
ERBB4	ENSG00000178568	ENST00000436443	protein_coding	0	0	0	2	0	0	0	0	0	0	2	0	0	0	0	0	0
ERI3	ENSG00000117419	ENST00000372257	protein_coding	0	0	0	2	0	0	0	0	0	0	0	0	0	0	0	0	2
ERI3	ENSG00000117419	ENST00000452396	protein_coding	0	0	0	2	0	0	0	0	0	0	0	0	0	0	0	0	2
ERI3	ENSG00000117419	ENST00000457571	protein_coding	0	0	0	2	0	0	0	0	0	0	0	0	0	0	0	0	2
ERI3	ENSG00000117419	ENST00000537474	protein_coding	0	0	0	2	0	0	0	0	0	0	0	0	0	0	0	0	2
ERP29	ENSG00000089248	ENST00000261735	protein_coding	0	0	0	2	0	0	0	0	0	0	0	0	0	0	0	0	2
ERP29	ENSG00000089248	ENST00000455836	protein_coding	0	0	0	2	0	0	0	0	0	0	0	0	0	0	0	0	2
ESR1	ENSG00000091831	ENST00000206249	protein_coding	0	0	0	1	0	0	0	0	0	0	0	0	0	0	0	0	1
ESR1	ENSG00000091831	ENST00000338799	protein_coding	0	0	0	1	0	0	0	0	0	0	0	0	0	0	0	0	1
ESR1	ENSG00000091831	ENST00000404742	protein_coding	0	0	0	5	0	0	0	0	0	0	5	0	0	0	0	0	0
ESR1	ENSG00000091831	ENST00000406599	protein_coding	0	0	0	1	0	0	0	0	0	0	0	0	0	0	0	0	1
ESR1	ENSG00000091831	ENST00000427531	protein_coding	0	0	0	1	0	0	0	0	0	0	0	0	0	0	0	0	1
ESR1	ENSG00000091831	ENST00000440973	protein_coding	0	0	0	5	0	0	0	0	0	0	5	0	0	0	0	0	0
ESR1	ENSG00000091831	ENST00000443427	protein_coding	0	0	0	1	0	0	0	0	0	0	0	0	0	0	0	0	1
ESR1	ENSG00000091831	ENST00000446550	protein_coding	0	0	0	1	0	0	0	0	0	0	0	0	0	0	0	0	1
ESR1	ENSG00000091831	ENST00000456483	protein_coding	0	0	0	1	0	0	0	0	0	0	0	0	0	0	0	0	1
ETV6	ENSG00000139083	ENST00000396373	protein_coding	0	0	0	34	0	0	0	0	0	0	34	0	0	0	0	0	0
EWSR1	ENSG00000182944	ENST00000331029	protein_coding	0	0	1	3	0	0	0	0	0	0	3	1	0	0	0	0	0
EWSR1	ENSG00000182944	ENST00000332035	protein_coding	0	0	1	3	0	0	0	0	0	0	3	1	0	0	0	0	0
EWSR1	ENSG00000182944	ENST00000332050	protein_coding	0	0	1	3	0	0	0	0	0	0	3	1	0	0	0	0	0
EWSR1	ENSG00000182944	ENST00000333395	protein_coding	0	0	0	3	0	0	0	0	0	0	3	0	0	0	0	0	0
EWSR1	ENSG00000182944	ENST00000360091	protein_coding	0	0	1	0	0	0	0	0	0	0	0	1	0	0	0	0	0
EWSR1	ENSG00000182944	ENST00000397938	protein_coding	0	0	1	3	0	0	0	0	0	0	3	1	0	0	0	0	0
EWSR1	ENSG00000182944	ENST00000406548	protein_coding	0	0	1	3	0	0	0	0	0	0	3	1	0	0	0	0	0
EWSR1	ENSG00000182944	ENST00000414183	protein_coding	0	0	1	3	0	0	0	0	0	0	3	1	0	0	0	0	0
EWSR1	ENSG00000182944	ENST00000415761	protein_coding	0	0	0	3	0	0	0	0	0	0	3	0	0	0	0	0	0
EWSR1	ENSG00000182944	ENST00000436425	protein_coding	0	0	0	3	0	0	0	0	0	0	3	0	0	0	0	0	0
EWSR1	ENSG00000182944	ENST00000437155	protein_coding	0	0	0	3	0	0	0	0	0	0	3	0	0	0	0	0	0
EWSR1	ENSG00000182944	ENST00000444626	protein_coding	0	0	0	3	0	0	0	0	0	0	3	0	0	0	0	0	0
EWSR1	ENSG00000182944	ENST00000447973	protein_coding	0	0	0	3	0	0	0	0	0	0	3	0	0	0	0	0	0
EWSR1	ENSG00000182944	ENST00000455726	protein_coding	0	0	0	3	0	0	0	0	0	0	3	0	0	0	0	0	0
EXOSC10	ENSG00000171824	ENST00000304457	protein_coding	0	0	0	3	0	0	0	0	2	0	1	0	0	0	0	0	0
EXOSC10	ENSG00000171824	ENST00000376936	protein_coding	0	0	0	3	0	0	0	0	2	0	1	0	0	0	0	0	0
EXOSC10	ENSG00000171824	ENST00000544779	protein_coding	0	0	0	3	0	0	0	0	2	0	1	0	0	0	0	0	0
FAM122C	ENSG00000156500	ENST00000370784	protein_coding	0	0	0	2	0	0	0	0	0	0	2	0	0	0	0	0	0
FAM122C	ENSG00000156500	ENST00000370785	protein_coding	0	0	0	2	0	0	0	0	0	0	2	0	0	0	0	0	0
FAM122C	ENSG00000156500	ENST00000445123	protein_coding	0	0	0	2	0	0	0	0	0	0	2	0	0	0	0	0	0
FAM160A1	ENSG00000164142	ENST00000435205	protein_coding	0	0	0	3	0	0	0	0	0	0	3	0	0	0	0	0	0
FAM160A1	ENSG00000164142	ENST00000503146	protein_coding	0	0	0	3	0	0	0	0	0	0	3	0	0	0	0	0	0
FAM160A1	ENSG00000164142	ENST00000512597	protein_coding	0	0	0	2	0	0	0	0	0	0	2	0	0	0	0	0	0
FAM160A1	ENSG00000164142	ENST00000513086	protein_coding	0	0	0	3	0	0	0	0	0	0	3	0	0	0	0	0	0
FAM160A1	ENSG00000164142	ENST00000513962	protein_coding	0	0	0	2	0	0	0	0	0	0	2	0	0	0	0	0	0
FAM179A	ENSG00000189350	ENST00000379558	protein_coding	0	1	0	14	1	0	0	0	0	0	13	0	0	0	0	1	0
FAM179A	ENSG00000189350	ENST00000401723	protein_coding	0	0	0	17	0	0	0	0	0	0	17	0	0	0	0	0	0
FAM179A	ENSG00000189350	ENST00000403861	protein_coding	0	1	0	14	1	0	0	0	0	0	13	0	0	0	0	1	0
FAM179A	ENSG00000189350	ENST00000420297	protein_coding	0	0	0	15	0	0	0	0	8	0	5	0	0	0	0	0	2
FAM179A	ENSG00000189350	ENST00000440012	protein_coding	0	0	0	1	0	0	0	0	0	0	0	0	0	0	0	0	1
FANCA	ENSG00000187741	ENST00000389301	protein_coding	0	0	0	5	0	0	0	0	1	0	4	0	0	0	0	0	0
FANCA	ENSG00000187741	ENST00000567879	protein_coding	0	0	0	3	0	0	0	0	0	0	0	0	0	0	0	0	3
FANCA	ENSG00000187741	ENST00000568369	protein_coding	0	0	0	4	0	0	0	0	0	0	4	0	0	0	0	0	0
FANCD2	ENSG00000144554	ENST00000287647	protein_coding	0	0	0	6	0	0	0	0	0	0	4	0	0	0	0	0	2
FANCD2	ENSG00000144554	ENST00000383806	protein_coding	0	0	0	6	0	0	0	0	0	0	4	0	0	0	0	0	2
FANCD2	ENSG00000144554	ENST00000383807	protein_coding	0	0	0	6	0	0	0	0	0	0	4	0	0	0	0	0	2
FANCD2	ENSG00000144554	ENST00000419585	protein_coding	0	0	0	6	0	0	0	0	0	0	4	0	0	0	0	0	2
FANCD2	ENSG00000144554	ENST00000431693	protein_coding	0	0	0	3	0	0	0	0	0	0	1	0	0	0	0	0	2
FANCG	ENSG00000221829	ENST00000378643	protein_coding	1	2	2	7	0	1	1	0	0	1	6	2	0	0	0	1	0
FANCG	ENSG00000221829	ENST00000448890	protein_coding	0	0	1	10	0	0	0	0	7	0	3	1	0	0	0	0	0
FBXW11	ENSG00000072803	ENST00000265094	protein_coding	0	0	0	6	0	0	0	0	0	0	6	0	0	0	0	0	0
FBXW11	ENSG00000072803	ENST00000296933	protein_coding	0	0	0	6	0	0	0	0	0	0	6	0	0	0	0	0	0
FBXW11	ENSG00000072803	ENST00000393802	protein_coding	0	0	0	6	0	0	0	0	0	0	6	0	0	0	0	0	0
FBXW11	ENSG00000072803	ENST00000425623	protein_coding	0	0	0	6	0	0	0	0	0	0	6	0	0	0	0	0	0
FBXW11	ENSG00000072803	ENST00000517395	protein_coding	0	0	0	6	0	0	0	0	0	0	6	0	0	0	0	0	0
FBXW11	ENSG00000072803	ENST00000518752	protein_coding	0	0	0	4	0	0	0	0	0	0	3	0	0	0	0	0	1
FGF14	ENSG00000102466	ENST00000376131	protein_coding	0	0	0	6	0	0	0	0	0	0	6	0	0	0	0	0	0
FGFR3	ENSG00000068078	ENST00000260795	protein_coding	1	1	0	11	0	0	0	0	0	1	6	0	0	0	0	1	5
FGFR3	ENSG00000068078	ENST00000340107	protein_coding	0	1	0	12	0	0	0	0	0	0	7	0	0	0	0	1	5
FGFR3	ENSG00000068078	ENST00000352904	protein_coding	0	1	0	12	0	0	0	0	0	0	7	0	0	0	0	1	5
FGFR3	ENSG00000068078	ENST00000412135	protein_coding	0	1	0	12	0	0	0	0	0	0	7	0	0	0	0	1	5
FGFR3	ENSG00000068078	ENST00000440486	protein_coding	1	1	0	11	0	0	0	0	0	1	6	0	0	0	0	1	5
FGFR3	ENSG00000068078	ENST00000481110	protein_coding	1	0	1	11	0	0	0	0	0	1	6	1	0	0	0	0	5
FGFR3	ENSG00000068078	ENST00000507588	protein_coding	1	0	0	7	0	0	0	0	3	1	0	0	0	0	0	0	4
FIP1L1	ENSG00000145216	ENST00000306932	protein_coding	0	0	0	18	0	0	0	0	0	0	18	0	0	0	0	0	0
FIP1L1	ENSG00000145216	ENST00000337488	protein_coding	0	0	0	18	0	0	0	0	0	0	18	0	0	0	0	0	0
FIP1L1	ENSG00000145216	ENST00000358575	protein_coding	0	0	0	18	0	0	0	0	0	0	18	0	0	0	0	0	0
FIP1L1	ENSG00000145216	ENST00000507166	protein_coding	0	0	0	46	0	0	0	0	0	0	46	0	0	0	0	0	0
FIP1L1	ENSG00000145216	ENST00000507922	protein_coding	0	0	0	18	0	0	0	0	0	0	18	0	0	0	0	0	0
FRMPD2	ENSG00000170324	ENST00000305531	protein_coding	0	0	0	2	0	0	0	0	0	0	1	0	0	0	0	0	1
FRMPD2	ENSG00000170324	ENST00000374201	protein_coding	0	0	0	8	0	0	0	0	0	0	8	0	0	0	0	0	0
FRMPD2	ENSG00000170324	ENST00000407470	protein_coding	0	0	0	8	0	0	0	0	0	0	8	0	0	0	0	0	0
FSTL4	ENSG00000053108	ENST00000265342	protein_coding	0	0	0	11	0	0	0	0	0	0	11	0	0	0	0	0	0
FUS	ENSG00000089280	ENST00000254108	protein_coding	0	0	0	8	0	0	0	0	0	0	0	0	0	0	0	0	8
FUS	ENSG00000089280	ENST00000380244	protein_coding	0	0	0	8	0	0	0	0	0	0	0	0	0	0	0	0	8
FUS	ENSG00000089280	ENST00000568685	protein_coding	0	0	0	8	0	0	0	0	0	0	0	0	0	0	0	0	8
GALNT9	ENSG00000182870	ENST00000328957	protein_coding	0	0	0	3	0	0	0	0	3	0	0	0	0	0	0	0	0
GALNT9	ENSG00000182870	ENST00000397325	protein_coding	0	0	0	3	0	0	0	0	3	0	0	0	0	0	0	0	0
GALNT9	ENSG00000182870	ENST00000411988	protein_coding	0	0	0	3	0	0	0	0	3	0	0	0	0	0	0	0	0
GALNT9	ENSG00000182870	ENST00000535228	protein_coding	0	0	0	3	0	0	0	0	3	0	0	0	0	0	0	0	0
GALNT9	ENSG00000182870	ENST00000541995	protein_coding	0	0	0	3	0	0	0	0	3	0	0	0	0	0	0	0	0
GDPD3	ENSG00000102886	ENST00000406256	protein_coding	0	0	0	1	0	0	0	0	0	0	1	0	0	0	0	0	0
GDPD3	ENSG00000102886	ENST00000566613	protein_coding	0	0	0	1	0	0	0	0	0	0	1	0	0	0	0	0	0
GFER	ENSG00000127554	ENST00000248114	protein_coding	0	0	0	1	0	0	0	0	1	0	0	0	0	0	0	0	0
GFER	ENSG00000127554	ENST00000567719	protein_coding	0	0	0	1	0	0	0	0	1	0	0	0	0	0	0	0	0
GFER	ENSG00000127554	ENST00000569451	protein_coding	0	0	0	1	0	0	0	0	1	0	0	0	0	0	0	0	0
GNA11	ENSG00000088256	ENST00000078429	protein_coding	0	0	1	6	2	0	0	0	0	0	4	1	0	0	0	0	0
GNA11	ENSG00000088256	ENST00000587636	protein_coding	0	0	1	6	0	0	0	0	0	0	5	1	0	0	0	0	1
GPR107	ENSG00000148358	ENST00000347136	protein_coding	0	0	1	2	0	0	0	0	2	0	0	1	0	0	0	0	0
GPR107	ENSG00000148358	ENST00000372406	protein_coding	0	0	1	2	0	0	0	0	2	0	0	1	0	0	0	0	0
GPR107	ENSG00000148358	ENST00000372410	protein_coding	0	0	1	2	0	0	0	0	2	0	0	1	0	0	0	0	0
GPX3	ENSG00000211445	ENST00000388825	protein_coding	0	1	0	7	0	0	0	0	0	0	8	0	0	1	0	0	0
GPX3	ENSG00000211445	ENST00000517973	protein_coding	0	1	0	7	0	0	0	0	0	0	8	0	0	1	0	0	0
GPX3	ENSG00000211445	ENST00000520059	protein_coding	0	1	0	7	0	0	0	0	0	0	1	0	0	1	0	0	7
GPX3	ENSG00000211445	ENST00000521632	protein_coding	0	1	0	7	0	0	0	0	0	0	2	0	0	1	0	0	6
GPX3	ENSG00000211445	ENST00000521650	protein_coding	0	1	0	7	0	0	0	0	1	0	7	0	0	1	0	0	0
GRID1	ENSG00000182771	ENST00000327946	protein_coding	0	0	0	5	0	0	0	0	0	0	5	0	0	0	0	0	0
GTF3A	ENSG00000122034	ENST00000381140	protein_coding	0	0	0	1	0	0	0	0	1	0	0	0	0	0	0	0	0
GTF3A	ENSG00000122034	ENST00000439403	protein_coding	0	0	0	1	0	0	0	0	1	0	0	0	0	0	0	0	0
H2AFY	ENSG00000113648	ENST00000304332	protein_coding	0	0	0	2	0	0	0	0	0	0	2	0	0	0	0	0	0
H2AFY	ENSG00000113648	ENST00000312469	protein_coding	0	0	0	2	0	0	0	0	0	0	2	0	0	0	0	0	0
H2AFY	ENSG00000113648	ENST00000423969	protein_coding	0	0	0	2	0	0	0	0	0	0	2	0	0	0	0	0	0
H2AFY	ENSG00000113648	ENST00000510038	protein_coding	0	0	0	2	0	0	0	0	0	0	2	0	0	0	0	0	0
H2AFY	ENSG00000113648	ENST00000511689	protein_coding	0	0	0	2	0	0	0	0	0	0	2	0	0	0	0	0	0
HAO2	ENSG00000116882	ENST00000325945	protein_coding	1	0	0	12	0	0	0	0	2	1	10	0	0	0	0	0	0
HAO2	ENSG00000116882	ENST00000361035	protein_coding	1	0	0	12	0	0	0	0	2	1	10	0	0	0	0	0	0
HAO2	ENSG00000116882	ENST00000457318	protein_coding	1	0	0	10	0	0	0	0	0	1	10	0	0	0	0	0	0
HAS1	ENSG00000105509	ENST00000222115	protein_coding	0	0	0	10	1	0	0	0	3	0	6	0	0	0	0	0	0
HAS1	ENSG00000105509	ENST00000540069	protein_coding	0	0	0	10	1	0	0	0	3	0	6	0	0	0	0	0	0
HAS1	ENSG00000105509	ENST00000594621	protein_coding	0	0	0	10	0	0	0	0	4	0	3	0	0	0	0	0	3
HAS1	ENSG00000105509	ENST00000601667	protein_coding	0	0	0	10	0	0	0	0	4	0	3	0	0	0	0	0	3
HAS1	ENSG00000105509	ENST00000601714	protein_coding	0	0	0	10	1	0	0	0	3	0	3	0	0	0	0	0	3
HECW2	ENSG00000138411	ENST00000260983	protein_coding	0	0	0	11	0	0	0	0	0	0	11	0	0	0	0	0	0
HECW2	ENSG00000138411	ENST00000427457	protein_coding	0	0	0	11	0	0	0	0	0	0	11	0	0	0	0	0	0
HECW2	ENSG00000138411	ENST00000452031	protein_coding	0	0	0	11	0	0	0	0	0	0	11	0	0	0	0	0	0
HIC2	ENSG00000169635	ENST00000407464	protein_coding	0	0	0	2	0	0	0	0	0	0	2	0	0	0	0	0	0
HIC2	ENSG00000169635	ENST00000407598	protein_coding	0	0	0	2	0	0	0	0	0	0	1	0	0	0	0	0	1
HIST1H2AB	ENSG00000137259	ENST00000259791	protein_coding	0	0	0	1	0	0	0	0	1	0	0	0	0	0	0	0	0
HIST1H3B	ENSG00000124693	ENST00000244661	protein_coding	0	0	0	1	0	0	0	0	1	0	0	0	0	0	0	0	0
HIST1H4B	ENSG00000124529	ENST00000377364	protein_coding	0	0	0	1	0	0	0	0	0	0	0	0	0	0	0	0	1
HMBOX1	ENSG00000147421	ENST00000287701	protein_coding	0	0	0	1	0	0	0	0	0	0	1	0	0	0	0	0	0
HMBOX1	ENSG00000147421	ENST00000355231	protein_coding	0	0	0	1	0	0	0	0	0	0	1	0	0	0	0	0	0
HMBOX1	ENSG00000147421	ENST00000397358	protein_coding	0	0	0	1	0	0	0	0	0	0	1	0	0	0	0	0	0
HMBOX1	ENSG00000147421	ENST00000403668	protein_coding	0	0	0	1	0	0	0	0	0	0	1	0	0	0	0	0	0
HMBOX1	ENSG00000147421	ENST00000444075	protein_coding	0	0	0	1	0	0	0	0	0	0	1	0	0	0	0	0	0
HMBOX1	ENSG00000147421	ENST00000519047	protein_coding	0	0	0	1	0	0	0	0	0	0	1	0	0	0	0	0	0
HMBOX1	ENSG00000147421	ENST00000523613	protein_coding	0	0	0	1	0	0	0	0	0	0	1	0	0	0	0	0	0
HMBOX1	ENSG00000147421	ENST00000524238	protein_coding	0	0	0	1	0	0	0	0	0	0	1	0	0	0	0	0	0
HMBOX1	ENSG00000147421	ENST00000558662	protein_coding	0	0	0	1	0	0	0	0	0	0	1	0	0	0	0	0	0
HMBOX1	ENSG00000147421	ENST00000560599	protein_coding	0	0	0	1	0	0	0	0	0	0	1	0	0	0	0	0	0
HRAS	ENSG00000174775	ENST00000311189	protein_coding	0	0	0	2	0	0	0	0	0	0	2	0	0	0	0	0	0
HRAS	ENSG00000174775	ENST00000397594	protein_coding	0	0	0	2	0	0	0	0	0	0	1	0	0	0	0	0	1
HRAS	ENSG00000174775	ENST00000397596	protein_coding	0	0	0	2	0	0	0	0	0	0	2	0	0	0	0	0	0
HRAS	ENSG00000174775	ENST00000417302	protein_coding	0	0	0	2	0	0	0	0	0	0	2	0	0	0	0	0	0
HRAS	ENSG00000174775	ENST00000451590	protein_coding	0	0	0	2	0	0	0	0	0	0	2	0	0	0	0	0	0
HSD17B7	ENSG00000132196	ENST00000254521	protein_coding	0	0	0	10	0	0	0	0	0	0	7	0	0	0	0	0	3
HSD17B7	ENSG00000132196	ENST00000367913	protein_coding	0	0	0	7	0	0	0	0	2	0	2	0	0	0	0	0	3
HSD17B7	ENSG00000132196	ENST00000367915	protein_coding	0	0	0	5	0	0	0	0	1	0	1	0	0	0	0	0	3
HSD17B7	ENSG00000132196	ENST00000367917	protein_coding	0	0	0	10	0	0	0	0	0	0	7	0	0	0	0	0	3
HSD3B2	ENSG00000203859	ENST00000369416	protein_coding	0	0	0	6	1	0	0	0	4	0	0	0	0	0	0	0	1
HSD3B2	ENSG00000203859	ENST00000433745	protein_coding	0	0	0	6	0	0	0	0	5	0	0	0	0	0	0	0	1
HSD3B2	ENSG00000203859	ENST00000543831	protein_coding	0	0	0	6	1	0	0	0	4	0	0	0	0	0	0	0	1
IL12RB1	ENSG00000096996	ENST00000593993	protein_coding	0	0	0	1	0	0	0	0	1	0	0	0	0	0	0	0	0
IL12RB1	ENSG00000096996	ENST00000600835	protein_coding	0	0	0	1	0	0	0	0	1	0	0	0	0	0	0	0	0
IL4I1	ENSG00000104951	ENST00000341114	protein_coding	0	0	0	20	0	0	0	0	0	0	20	0	0	0	0	0	0
IL4I1	ENSG00000104951	ENST00000391826	protein_coding	0	0	0	6	0	0	0	0	0	0	0	0	0	0	0	0	6
IL4I1	ENSG00000104951	ENST00000593956	protein_coding	0	0	0	6	0	0	0	0	0	0	0	0	0	0	0	0	6
IL4I1	ENSG00000104951	ENST00000595948	protein_coding	0	0	0	20	0	0	0	0	0	0	20	0	0	0	0	0	0
IL4I1	ENSG00000104951	ENST00000596011	protein_coding	0	0	0	20	0	0	0	0	0	0	20	0	0	0	0	0	0
IL4I1	ENSG00000104951	ENST00000596022	protein_coding	0	0	0	20	0	0	0	0	0	0	20	0	0	0	0	0	0
IL4I1	ENSG00000104951	ENST00000597295	protein_coding	0	0	0	20	0	0	0	0	0	0	20	0	0	0	0	0	0
INPP5F	ENSG00000198825	ENST00000361976	protein_coding	0	0	0	12	0	0	0	0	0	0	11	0	0	0	0	0	1
INPP5F	ENSG00000198825	ENST00000369081	protein_coding	0	0	0	1	0	0	0	0	0	0	1	0	0	0	0	0	0
INPP5F	ENSG00000198825	ENST00000369083	protein_coding	0	0	0	11	0	0	0	0	0	0	10	0	0	0	0	0	1
ITGA7	ENSG00000135424	ENST00000257879	protein_coding	1	0	0	15	0	0	2	0	0	1	12	0	0	0	0	0	1
ITGA7	ENSG00000135424	ENST00000257880	protein_coding	1	0	1	14	0	0	2	0	0	1	11	1	0	0	0	0	1
ITGA7	ENSG00000135424	ENST00000347027	protein_coding	1	0	0	15	0	0	2	0	0	1	12	0	0	0	0	0	1
ITGA7	ENSG00000135424	ENST00000394229	protein_coding	1	0	0	15	0	0	2	0	0	1	12	0	0	0	0	0	1
ITGA7	ENSG00000135424	ENST00000394230	protein_coding	1	0	1	14	0	0	2	0	0	1	11	1	0	0	0	0	1
ITGA7	ENSG00000135424	ENST00000452168	protein_coding	1	0	1	14	0	0	0	0	0	1	14	1	0	0	0	0	0
ITGA7	ENSG00000135424	ENST00000553804	protein_coding	1	0	1	14	0	0	1	0	0	1	11	1	0	0	0	0	2
ITGA7	ENSG00000135424	ENST00000555728	protein_coding	1	0	1	14	0	0	2	0	0	1	11	1	0	0	0	0	1
ITGA7	ENSG00000135424	ENST00000557257	protein_coding	0	0	0	11	0	0	0	0	1	0	10	0	0	0	0	0	0
ITGA7	ENSG00000135424	ENST00000557555	protein_coding	0	0	0	5	0	0	0	0	0	0	1	0	0	0	0	0	4
IVD	ENSG00000128928	ENST00000249760	protein_coding	0	0	0	1	0	0	0	0	0	0	1	0	0	0	0	0	0
IVD	ENSG00000128928	ENST00000466756	protein_coding	0	0	0	1	0	0	0	0	0	0	0	0	0	0	0	0	1
IVD	ENSG00000128928	ENST00000473112	protein_coding	0	0	0	3	0	0	0	0	2	0	1	0	0	0	0	0	0
IVD	ENSG00000128928	ENST00000479013	protein_coding	0	0	0	1	0	0	0	0	0	0	1	0	0	0	0	0	0
IVD	ENSG00000128928	ENST00000487418	protein_coding	0	0	0	1	0	0	0	0	0	0	1	0	0	0	0	0	0
IVD	ENSG00000128928	ENST00000491554	protein_coding	0	0	0	3	0	0	0	0	2	0	1	0	0	0	0	0	0
IVD	ENSG00000128928	ENST00000558610	protein_coding	0	0	0	1	0	0	0	0	1	0	0	0	0	0	0	0	0
IVD	ENSG00000128928	ENST00000559575	protein_coding	0	0	0	1	0	0	0	0	0	0	0	0	0	0	0	0	1
KCNJ5	ENSG00000120457	ENST00000338350	protein_coding	0	0	0	5	0	0	0	0	0	0	2	0	0	0	0	0	3
KCNJ5	ENSG00000120457	ENST00000529694	protein_coding	0	0	0	5	0	0	0	0	0	0	2	0	0	0	0	0	3
KCNK12	ENSG00000184261	ENST00000327876	protein_coding	0	0	0	1	0	0	0	0	0	0	1	0	0	0	0	0	0
KDELC2	ENSG00000178202	ENST00000323468	protein_coding	0	0	0	5	0	0	0	0	0	0	5	0	0	0	0	0	0
KDELC2	ENSG00000178202	ENST00000375648	protein_coding	0	0	0	5	0	0	0	0	1	0	3	0	0	0	0	0	1
KDELC2	ENSG00000178202	ENST00000434945	protein_coding	0	0	0	5	0	0	0	0	0	0	4	0	0	0	0	0	1
KDELC2	ENSG00000178202	ENST00000530318	protein_coding	0	0	0	4	0	0	0	0	0	0	1	0	0	0	0	0	3
KDM6A	ENSG00000147050	ENST00000377967	protein_coding	0	0	0	3	0	0	0	0	0	0	3	0	0	0	0	0	0
KDM6A	ENSG00000147050	ENST00000382899	protein_coding	0	0	0	3	0	0	0	0	0	0	3	0	0	0	0	0	0
KDM6A	ENSG00000147050	ENST00000414389	protein_coding	0	0	0	1	0	0	0	0	0	0	1	0	0	0	0	0	0
KDM6A	ENSG00000147050	ENST00000431196	protein_coding	0	0	0	1	0	0	0	0	0	0	1	0	0	0	0	0	0
KDM6A	ENSG00000147050	ENST00000433797	protein_coding	0	0	0	1	0	0	0	0	0	0	1	0	0	0	0	0	0
KDM6A	ENSG00000147050	ENST00000536777	protein_coding	0	0	0	3	0	0	0	0	0	0	3	0	0	0	0	0	0
KDM6A	ENSG00000147050	ENST00000543216	protein_coding	0	0	0	3	0	0	0	0	0	0	3	0	0	0	0	0	0
KIAA0907	ENSG00000132680	ENST00000368319	protein_coding	0	0	0	1	0	0	0	0	0	0	0	0	0	0	0	0	1
KIAA0907	ENSG00000132680	ENST00000368320	protein_coding	0	0	0	1	0	0	0	0	0	0	0	0	0	0	0	0	1
KIAA0907	ENSG00000132680	ENST00000368321	protein_coding	0	0	0	1	0	0	0	0	0	0	0	0	0	0	0	0	1
KRT33A	ENSG00000006059	ENST00000007735	protein_coding	0	0	0	1	0	0	0	0	0	0	0	0	0	0	0	0	1
KRT33B	ENSG00000131738	ENST00000251646	protein_coding	0	0	0	4	1	0	0	0	1	0	0	0	0	0	0	0	2
KRT9	ENSG00000171403	ENST00000246662	protein_coding	0	1	2	6	0	0	0	0	0	0	6	2	0	0	0	1	0
KRT9	ENSG00000171403	ENST00000588431	protein_coding	0	1	2	6	0	0	0	0	0	0	6	2	0	0	0	1	0
KRTAP16-1	ENSG00000212657	ENST00000391352	protein_coding	0	0	0	2	0	0	0	0	2	0	0	0	0	0	0	0	0
KRTAP29-1	ENSG00000212658	ENST00000391353	protein_coding	0	0	0	2	0	0	0	0	0	0	0	0	0	0	0	0	2
LEFTY1	ENSG00000243709	ENST00000272134	protein_coding	0	0	0	1	0	0	0	0	1	0	0	0	0	0	0	0	0
LETM1	ENSG00000168924	ENST00000302787	protein_coding	0	0	0	1	0	0	0	0	1	0	0	0	0	0	0	0	0
LEUTX	ENSG00000213921	ENST00000396841	protein_coding	0	0	0	2	0	0	0	0	0	0	0	0	0	0	0	0	2
LIN28A	ENSG00000131914	ENST00000254231	protein_coding	0	0	0	2	0	0	0	0	2	0	0	0	0	0	0	0	0
LIN28A	ENSG00000131914	ENST00000326279	protein_coding	0	0	0	2	0	0	0	0	2	0	0	0	0	0	0	0	0
LRMP	ENSG00000118308	ENST00000354454	protein_coding	0	0	0	6	0	0	0	0	0	0	6	0	0	0	0	0	0
LRMP	ENSG00000118308	ENST00000536173	protein_coding	0	0	0	6	0	0	0	0	0	0	6	0	0	0	0	0	0
LRMP	ENSG00000118308	ENST00000547044	protein_coding	0	0	0	6	0	0	0	0	0	0	6	0	0	0	0	0	0
LRMP	ENSG00000118308	ENST00000548766	protein_coding	0	0	0	6	0	0	0	0	0	0	6	0	0	0	0	0	0
LRMP	ENSG00000118308	ENST00000550945	protein_coding	0	0	0	6	0	0	0	0	0	0	6	0	0	0	0	0	0
LRMP	ENSG00000118308	ENST00000554942	protein_coding	0	0	0	6	0	0	0	0	0	0	6	0	0	0	0	0	0
LRMP	ENSG00000118308	ENST00000556887	protein_coding	0	0	0	5	0	0	0	0	1	0	4	0	0	0	0	0	0
LRMP	ENSG00000118308	ENST00000557489	protein_coding	0	0	0	6	0	0	0	0	0	0	6	0	0	0	0	0	0
LRRC56	ENSG00000161328	ENST00000270115	protein_coding	0	0	0	2	0	0	0	0	0	0	0	0	0	0	0	0	2
LTBP2	ENSG00000119681	ENST00000261978	protein_coding	0	0	0	10	0	0	0	0	0	0	10	0	0	0	0	0	0
LTBP2	ENSG00000119681	ENST00000556359	protein_coding	0	0	0	10	0	0	0	0	0	0	10	0	0	0	0	0	0
LTBP2	ENSG00000119681	ENST00000556690	protein_coding	0	0	0	10	0	0	0	0	0	0	10	0	0	0	0	0	0
MAFA	ENSG00000182759	ENST00000333480	protein_coding	0	0	2	7	0	0	0	0	0	0	0	2	0	0	0	0	7
MAP2K2	ENSG00000126934	ENST00000262948	protein_coding	0	1	1	6	0	0	1	0	0	0	5	1	0	0	0	1	0
MAP2K2	ENSG00000126934	ENST00000394867	protein_coding	0	1	1	6	0	0	0	0	0	0	6	1	0	0	0	1	0
MAP2K2	ENSG00000126934	ENST00000599021	protein_coding	0	1	1	4	0	0	0	0	0	0	3	1	0	0	0	1	1
MAP3K3	ENSG00000198909	ENST00000361357	protein_coding	0	0	0	1	0	0	0	0	0	0	1	0	0	0	0	0	0
MAP3K3	ENSG00000198909	ENST00000361733	protein_coding	0	0	0	1	0	0	0	0	0	0	1	0	0	0	0	0	0
MAP3K3	ENSG00000198909	ENST00000577395	protein_coding	0	0	0	1	0	0	0	0	0	0	1	0	0	0	0	0	0
MAP3K3	ENSG00000198909	ENST00000579585	protein_coding	0	0	0	1	0	0	0	0	0	0	1	0	0	0	0	0	0
MAP3K3	ENSG00000198909	ENST00000584573	protein_coding	0	0	0	1	0	0	0	0	0	0	1	0	0	0	0	0	0
MAP7D2	ENSG00000184368	ENST00000379643	protein_coding	0	0	0	1	0	0	0	0	0	0	1	0	0	0	0	0	0
MAP7D2	ENSG00000184368	ENST00000379651	protein_coding	0	0	0	1	0	0	0	0	0	0	1	0	0	0	0	0	0
MAP7D2	ENSG00000184368	ENST00000443379	protein_coding	0	0	0	1	0	0	0	0	0	0	1	0	0	0	0	0	0
MAP7D2	ENSG00000184368	ENST00000452324	protein_coding	0	0	0	1	0	0	0	0	0	0	1	0	0	0	0	0	0
MAPK8	ENSG00000107643	ENST00000374189	protein_coding	0	0	0	3	0	0	0	0	0	0	3	0	0	0	0	0	0
MAPK8	ENSG00000107643	ENST00000426557	protein_coding	0	0	0	3	0	0	0	0	0	0	3	0	0	0	0	0	0
MAPK8	ENSG00000107643	ENST00000429041	protein_coding	0	0	0	3	0	0	0	0	0	0	3	0	0	0	0	0	0
MAPK8	ENSG00000107643	ENST00000432379	protein_coding	0	0	0	3	0	0	0	0	0	0	3	0	0	0	0	0	0
MASP2	ENSG00000009724	ENST00000400897	protein_coding	0	0	0	1	0	0	0	0	0	0	0	0	0	0	0	0	1
MASP2	ENSG00000009724	ENST00000400898	protein_coding	0	0	0	1	0	0	0	0	0	0	0	0	0	0	0	0	1
MAST2	ENSG00000086015	ENST00000361297	protein_coding	0	0	0	3	0	0	0	0	0	0	2	0	0	0	0	0	1
MAST2	ENSG00000086015	ENST00000372009	protein_coding	0	0	0	3	0	0	0	0	0	0	2	0	0	0	0	0	1
MCC	ENSG00000171444	ENST00000408903	protein_coding	0	0	0	17	0	0	0	0	0	0	14	0	0	0	0	0	3
MCMBP	ENSG00000197771	ENST00000360003	protein_coding	0	0	0	8	0	0	0	0	0	0	8	0	0	0	0	0	0
MCMBP	ENSG00000197771	ENST00000369077	protein_coding	0	0	0	8	0	0	0	0	0	0	8	0	0	0	0	0	0
MCPH1	ENSG00000147316	ENST00000344683	protein_coding	0	0	0	5	0	0	0	0	0	0	5	0	0	0	0	0	0
MDM4	ENSG00000198625	ENST00000507825	protein_coding	0	0	0	3	0	0	0	0	2	0	1	0	0	0	0	0	0
MEGF11	ENSG00000157890	ENST00000288745	protein_coding	0	0	0	6	0	0	0	0	0	0	6	0	0	0	0	0	0
MEGF11	ENSG00000157890	ENST00000360698	protein_coding	0	0	0	6	0	0	0	0	0	0	6	0	0	0	0	0	0
MEGF11	ENSG00000157890	ENST00000395614	protein_coding	0	0	0	6	0	0	0	0	0	0	6	0	0	0	0	0	0
MEGF11	ENSG00000157890	ENST00000395625	protein_coding	0	0	0	6	0	0	0	0	0	0	6	0	0	0	0	0	0
MEGF11	ENSG00000157890	ENST00000409699	protein_coding	0	0	0	6	0	0	0	0	0	0	6	0	0	0	0	0	0
MEGF11	ENSG00000157890	ENST00000422354	protein_coding	0	0	0	6	0	0	0	0	0	0	6	0	0	0	0	0	0
METTL7B	ENSG00000170439	ENST00000394252	protein_coding	0	0	0	1	0	0	0	0	1	0	0	0	0	0	0	0	0
MITF	ENSG00000187098	ENST00000314589	protein_coding	0	0	0	6	0	0	0	0	0	0	6	0	0	0	0	0	0
MITF	ENSG00000187098	ENST00000328528	protein_coding	0	0	0	7	0	0	0	0	0	0	7	0	0	0	0	0	0
MITF	ENSG00000187098	ENST00000352241	protein_coding	0	0	0	7	0	0	0	0	0	0	7	0	0	0	0	0	0
MITF	ENSG00000187098	ENST00000394355	protein_coding	0	0	0	6	0	0	0	0	0	0	6	0	0	0	0	0	0
MITF	ENSG00000187098	ENST00000429090	protein_coding	0	0	0	7	0	0	0	0	0	0	7	0	0	0	0	0	0
MITF	ENSG00000187098	ENST00000433517	protein_coding	0	0	0	7	0	0	0	0	0	0	7	0	0	0	0	0	0
MITF	ENSG00000187098	ENST00000448226	protein_coding	0	0	0	7	0	0	0	0	0	0	7	0	0	0	0	0	0
MITF	ENSG00000187098	ENST00000451708	protein_coding	0	0	0	6	0	0	0	0	0	0	6	0	0	0	0	0	0
MITF	ENSG00000187098	ENST00000457080	protein_coding	0	0	0	1	0	0	0	0	0	0	1	0	0	0	0	0	0
MITF	ENSG00000187098	ENST00000472437	protein_coding	0	0	0	7	0	0	0	0	0	0	7	0	0	0	0	0	0
MKRN2	ENSG00000075975	ENST00000170447	protein_coding	0	0	0	8	0	0	0	0	0	0	8	0	0	0	0	0	0
MKRN2	ENSG00000075975	ENST00000411987	protein_coding	0	0	0	8	0	0	0	0	0	0	8	0	0	0	0	0	0
MKRN2	ENSG00000075975	ENST00000448482	protein_coding	0	0	0	8	0	0	0	0	0	0	8	0	0	0	0	0	0
MRPS22	ENSG00000175110	ENST00000495075	protein_coding	0	0	0	3	0	0	0	0	0	0	3	0	0	0	0	0	0
MTIF3	ENSG00000122033	ENST00000381116	protein_coding	0	1	0	2	0	0	0	0	0	0	2	0	0	0	0	1	0
MTIF3	ENSG00000122033	ENST00000381120	protein_coding	0	1	0	2	0	0	0	0	0	0	2	0	0	0	0	1	0
MTIF3	ENSG00000122033	ENST00000405591	protein_coding	0	1	0	2	0	0	0	0	0	0	2	0	0	0	0	1	0
MTIF3	ENSG00000122033	ENST00000431572	protein_coding	0	1	0	2	0	0	0	0	0	0	2	0	0	0	0	1	0
MYO1D	ENSG00000176658	ENST00000318217	protein_coding	0	0	0	5	0	0	0	0	0	0	5	0	0	0	0	0	0
MYO1D	ENSG00000176658	ENST00000394649	protein_coding	0	0	0	3	0	0	0	0	0	0	3	0	0	0	0	0	0
MYO1D	ENSG00000176658	ENST00000579584	protein_coding	0	0	0	5	0	0	0	0	0	0	5	0	0	0	0	0	0
MYO1D	ENSG00000176658	ENST00000583621	protein_coding	0	0	0	5	0	0	0	0	0	0	5	0	0	0	0	0	0
NAA25	ENSG00000111300	ENST00000261745	protein_coding	0	0	0	3	0	0	0	0	0	0	3	0	0	0	0	0	0
NAALADL1	ENSG00000168060	ENST00000339885	protein_coding	0	0	0	5	0	0	0	0	5	0	0	0	0	0	0	0	0
NAALADL1	ENSG00000168060	ENST00000340252	protein_coding	0	0	0	5	0	0	0	0	5	0	0	0	0	0	0	0	0
NAALADL1	ENSG00000168060	ENST00000355369	protein_coding	0	0	0	5	0	0	0	0	5	0	0	0	0	0	0	0	0
NAALADL1	ENSG00000168060	ENST00000355721	protein_coding	0	0	0	5	0	0	0	0	5	0	0	0	0	0	0	0	0
NAALADL1	ENSG00000168060	ENST00000356632	protein_coding	0	0	0	5	0	0	0	0	5	0	0	0	0	0	0	0	0
NAALADL1	ENSG00000168060	ENST00000358658	protein_coding	0	0	0	5	0	0	0	0	5	0	0	0	0	0	0	0	0
NAALADL1	ENSG00000168060	ENST00000526516	protein_coding	0	0	0	5	0	0	0	0	5	0	0	0	0	0	0	0	0
NAALADL1	ENSG00000168060	ENST00000526799	protein_coding	0	0	0	5	0	0	0	0	5	0	0	0	0	0	0	0	0
NAALADL1	ENSG00000168060	ENST00000528884	protein_coding	0	0	0	5	0	0	0	0	5	0	0	0	0	0	0	0	0
NAALADL1	ENSG00000168060	ENST00000530139	protein_coding	0	0	0	5	0	0	0	0	5	0	0	0	0	0	0	0	0
NAALADL1	ENSG00000168060	ENST00000530995	protein_coding	0	0	0	5	0	0	0	0	5	0	0	0	0	0	0	0	0
NAALADL1	ENSG00000168060	ENST00000532802	protein_coding	0	0	0	5	0	0	0	0	5	0	0	0	0	0	0	0	0
NAALADL1	ENSG00000168060	ENST00000533340	protein_coding	0	0	0	5	0	0	0	0	5	0	0	0	0	0	0	0	0
NAALADL1	ENSG00000168060	ENST00000533753	protein_coding	0	0	0	5	0	0	0	0	5	0	0	0	0	0	0	0	0
NAALADL1	ENSG00000168060	ENST00000533842	protein_coding	0	0	0	5	0	0	0	0	5	0	0	0	0	0	0	0	0
NBEAL2	ENSG00000160796	ENST00000292309	protein_coding	0	0	0	3	0	0	0	0	0	0	1	0	0	0	0	0	2
NBEAL2	ENSG00000160796	ENST00000383740	protein_coding	0	0	0	3	0	0	0	0	0	0	1	0	0	0	0	0	2
NBEAL2	ENSG00000160796	ENST00000416683	protein_coding	0	0	0	1	0	0	0	0	0	0	1	0	0	0	0	0	0
NBEAL2	ENSG00000160796	ENST00000450053	protein_coding	0	0	0	3	0	0	0	0	0	0	1	0	0	0	0	0	2
NCL	ENSG00000115053	ENST00000322723	protein_coding	0	0	0	1	0	0	0	0	0	0	0	0	0	0	0	0	1
NCL	ENSG00000115053	ENST00000417652	protein_coding	0	0	0	1	0	0	0	0	0	0	0	0	0	0	0	0	1
NCL	ENSG00000115053	ENST00000436894	protein_coding	0	0	0	1	0	0	0	0	0	0	0	0	0	0	0	0	1
NCL	ENSG00000115053	ENST00000453992	protein_coding	0	0	0	1	0	0	0	0	0	0	0	0	0	0	0	0	1
NCL	ENSG00000115053	ENST00000454824	protein_coding	0	0	0	1	0	0	0	0	0	0	0	0	0	0	0	0	1
NDUFAB1	ENSG00000004779	ENST00000007516	protein_coding	0	0	0	1	0	0	0	0	0	0	1	0	0	0	0	0	0
NDUFAB1	ENSG00000004779	ENST00000562133	protein_coding	0	0	0	1	0	0	0	0	0	0	1	0	0	0	0	0	0
NDUFAB1	ENSG00000004779	ENST00000567761	protein_coding	0	0	0	1	0	0	0	0	0	0	0	0	0	0	0	0	1
NDUFAB1	ENSG00000004779	ENST00000570319	protein_coding	0	0	0	1	0	0	0	0	0	0	1	0	0	0	0	0	0
NGRN	ENSG00000182768	ENST00000379095	protein_coding	0	0	0	1	0	0	0	0	0	0	1	0	0	0	0	0	0
NLRC3	ENSG00000167984	ENST00000301749	protein_coding	0	0	0	9	2	0	0	0	2	0	5	0	0	0	0	0	0
NLRC3	ENSG00000167984	ENST00000359128	protein_coding	0	0	0	9	2	0	0	0	2	0	5	0	0	0	0	0	0
NLRC3	ENSG00000167984	ENST00000448023	protein_coding	0	0	0	9	2	0	0	0	2	0	5	0	0	0	0	0	0
NOC4L	ENSG00000184967	ENST00000330579	protein_coding	0	0	1	5	0	0	0	0	2	0	0	1	0	0	0	0	3
NOC4L	ENSG00000184967	ENST00000538784	protein_coding	0	0	0	3	0	0	0	0	2	0	0	0	0	0	0	0	1
NOC4L	ENSG00000184967	ENST00000541954	protein_coding	0	0	1	4	0	0	0	0	1	0	0	1	0	0	0	0	3
NOTCH4	ENSG00000204301	ENST00000375023	protein_coding	0	0	0	4	0	0	0	0	0	0	0	0	0	0	0	0	4
NPTXR	ENSG00000221890	ENST00000333039	protein_coding	0	0	0	4	0	0	0	0	0	0	4	0	0	0	0	0	0
NPW	ENSG00000183971	ENST00000329610	protein_coding	0	0	0	3	0	0	0	0	2	0	1	0	0	0	0	0	0
NPW	ENSG00000183971	ENST00000566435	protein_coding	0	0	0	3	0	0	0	0	2	0	1	0	0	0	0	0	0
NPW	ENSG00000183971	ENST00000567649	protein_coding	0	0	0	7	0	0	0	0	2	0	3	0	0	0	0	0	2
NRG1	ENSG00000157168	ENST00000287842	protein_coding	0	0	3	19	0	0	0	0	4	0	15	3	0	0	0	0	0
NRG1	ENSG00000157168	ENST00000287845	protein_coding	0	0	3	20	0	0	0	0	5	0	15	3	0	0	0	0	0
NRG1	ENSG00000157168	ENST00000338921	protein_coding	0	0	3	20	0	0	0	0	5	0	15	3	0	0	0	0	0
NRG1	ENSG00000157168	ENST00000341377	protein_coding	0	0	0	23	3	0	0	0	5	0	15	0	0	0	0	0	0
NRG1	ENSG00000157168	ENST00000356819	protein_coding	0	0	3	20	0	0	0	0	5	0	15	3	0	0	0	0	0
NRG1	ENSG00000157168	ENST00000405005	protein_coding	0	0	3	19	0	0	0	0	4	0	15	3	0	0	0	0	0
NRG1	ENSG00000157168	ENST00000518084	protein_coding	0	0	0	9	0	0	0	0	5	0	4	0	0	0	0	0	0
NRG1	ENSG00000157168	ENST00000518104	protein_coding	0	0	2	23	0	0	0	0	4	0	19	2	0	0	0	0	0
NRG1	ENSG00000157168	ENST00000518206	protein_coding	0	0	0	3	0	0	0	0	0	0	3	0	0	0	0	0	0
NRG1	ENSG00000157168	ENST00000519240	protein_coding	0	0	0	13	0	0	0	0	7	0	6	0	0	0	0	0	0
NRG1	ENSG00000157168	ENST00000519301	protein_coding	0	0	3	23	0	0	0	0	4	0	19	3	0	0	0	0	0
NRG1	ENSG00000157168	ENST00000520407	protein_coding	0	0	0	7	0	0	0	0	0	0	7	0	0	0	0	0	0
NRG1	ENSG00000157168	ENST00000520502	protein_coding	0	0	0	3	0	0	0	0	0	0	3	0	0	0	0	0	0
NRG1	ENSG00000157168	ENST00000521670	protein_coding	0	0	1	20	1	0	0	0	4	0	15	1	0	0	0	0	0
NRG1	ENSG00000157168	ENST00000522402	protein_coding	0	0	0	13	0	0	0	0	7	0	6	0	0	0	0	0	0
NRG1	ENSG00000157168	ENST00000523041	protein_coding	0	0	0	3	0	0	0	0	0	0	3	0	0	0	0	0	0
NRG1	ENSG00000157168	ENST00000523079	protein_coding	0	0	1	18	1	0	0	0	4	0	13	1	0	0	0	0	0
NRG1	ENSG00000157168	ENST00000523534	protein_coding	0	0	3	23	0	0	0	0	4	0	19	3	0	0	0	0	0
NRG1	ENSG00000157168	ENST00000539990	protein_coding	0	0	3	16	0	0	0	0	4	0	12	3	0	0	0	0	0
NT5DC2	ENSG00000168268	ENST00000307076	protein_coding	1	0	0	3	0	0	0	0	2	1	1	0	0	0	0	0	0
NT5DC2	ENSG00000168268	ENST00000307092	protein_coding	1	0	0	3	0	0	0	0	2	1	1	0	0	0	0	0	0
NT5DC2	ENSG00000168268	ENST00000422318	protein_coding	1	0	0	3	0	0	0	0	2	1	1	0	0	0	0	0	0
NT5DC2	ENSG00000168268	ENST00000459839	protein_coding	1	0	0	3	0	0	0	0	2	1	1	0	0	0	0	0	0
NT5DC2	ENSG00000168268	ENST00000463947	protein_coding	0	0	0	4	0	0	0	0	2	0	0	0	0	0	0	0	2
NT5DC2	ENSG00000168268	ENST00000471522	protein_coding	0	0	0	3	0	0	0	0	2	0	1	0	0	0	0	0	0
NT5DC2	ENSG00000168268	ENST00000489316	protein_coding	1	0	0	2	0	0	0	0	1	1	1	0	0	0	0	0	0
NT5M	ENSG00000205309	ENST00000389022	protein_coding	0	0	0	8	0	0	0	0	0	0	8	0	0	0	0	0	0
NTHL1	ENSG00000065057	ENST00000219066	protein_coding	0	0	0	5	0	0	0	0	5	0	0	0	0	0	0	0	0
NTHL1	ENSG00000065057	ENST00000566380	protein_coding	0	0	0	5	0	0	0	0	5	0	0	0	0	0	0	0	0
NTRK1	ENSG00000198400	ENST00000392302	protein_coding	0	0	0	2	0	0	0	0	0	0	1	0	0	0	0	0	1
NUP62	ENSG00000213024	ENST00000352066	protein_coding	0	0	0	14	0	0	0	0	7	0	7	0	0	0	0	0	0
NUP62	ENSG00000213024	ENST00000413454	protein_coding	0	0	0	14	0	0	0	0	7	0	7	0	0	0	0	0	0
NUP62	ENSG00000213024	ENST00000422090	protein_coding	0	0	0	14	0	0	0	0	7	0	7	0	0	0	0	0	0
NUP62	ENSG00000213024	ENST00000593652	protein_coding	0	0	0	12	0	0	0	0	5	0	7	0	0	0	0	0	0
NUP62	ENSG00000213024	ENST00000594673	protein_coding	0	0	0	12	0	0	0	0	5	0	7	0	0	0	0	0	0
NUP62	ENSG00000213024	ENST00000595761	protein_coding	0	0	0	12	0	0	0	0	5	0	7	0	0	0	0	0	0
NUP62	ENSG00000213024	ENST00000596217	protein_coding	0	0	0	14	0	0	0	0	7	0	7	0	0	0	0	0	0
NUP62	ENSG00000213024	ENST00000596437	protein_coding	0	0	0	12	0	0	0	0	5	0	7	0	0	0	0	0	0
NUP62	ENSG00000213024	ENST00000596680	protein_coding	0	0	0	12	0	0	0	0	5	0	7	0	0	0	0	0	0
NUP62	ENSG00000213024	ENST00000597029	protein_coding	0	0	0	14	0	0	0	0	7	0	7	0	0	0	0	0	0
NUP62	ENSG00000213024	ENST00000597723	protein_coding	0	0	0	14	0	0	0	0	7	0	7	0	0	0	0	0	0
NUP62	ENSG00000213024	ENST00000599567	protein_coding	0	0	0	12	0	0	0	0	5	0	7	0	0	0	0	0	0
NUP62	ENSG00000213024	ENST00000599788	protein_coding	0	0	0	12	0	0	0	0	5	0	7	0	0	0	0	0	0
NUP62	ENSG00000213024	ENST00000600645	protein_coding	0	0	0	12	0	0	0	0	5	0	3	0	0	0	0	0	4
NUP62	ENSG00000213024	ENST00000600935	protein_coding	0	0	0	12	0	0	0	0	5	0	7	0	0	0	0	0	0
OGN	ENSG00000106809	ENST00000262551	protein_coding	0	0	0	1	0	0	0	0	0	0	1	0	0	0	0	0	0
OGN	ENSG00000106809	ENST00000375561	protein_coding	0	0	0	1	0	0	0	0	0	0	1	0	0	0	0	0	0
OGN	ENSG00000106809	ENST00000447356	protein_coding	0	0	0	1	0	0	0	0	1	0	0	0	0	0	0	0	0
OPHN1	ENSG00000079482	ENST00000355520	protein_coding	0	0	0	5	0	0	0	0	0	0	5	0	0	0	0	0	0
OPHN1	ENSG00000079482	ENST00000540071	protein_coding	0	0	0	5	0	0	0	0	0	0	5	0	0	0	0	0	0
OR1I1	ENSG00000094661	ENST00000209540	protein_coding	0	0	0	1	0	0	0	0	0	0	0	0	0	0	0	0	1
OSTF1	ENSG00000134996	ENST00000346234	protein_coding	0	0	0	1	0	0	0	0	0	0	1	0	0	0	0	0	0
PALB2	ENSG00000083093	ENST00000261584	protein_coding	1	0	0	5	0	0	0	0	2	1	3	0	0	0	0	0	0
PALB2	ENSG00000083093	ENST00000566069	protein_coding	0	0	0	5	0	0	0	0	2	0	3	0	0	0	0	0	0
PARP9	ENSG00000138496	ENST00000360356	protein_coding	0	0	0	4	0	0	0	0	0	0	3	0	0	0	0	0	1
PARP9	ENSG00000138496	ENST00000462315	protein_coding	0	0	0	4	0	0	0	0	0	0	3	0	0	0	0	0	1
PARP9	ENSG00000138496	ENST00000466126	protein_coding	0	0	0	2	0	0	0	0	0	0	1	0	0	0	0	0	1
PARP9	ENSG00000138496	ENST00000471785	protein_coding	0	0	0	4	0	0	0	0	0	0	3	0	0	0	0	0	1
PARP9	ENSG00000138496	ENST00000477522	protein_coding	0	0	0	4	0	0	0	0	0	0	3	0	0	0	0	0	1
PARP9	ENSG00000138496	ENST00000492382	protein_coding	0	0	0	4	0	0	0	0	0	0	3	0	0	0	0	0	1
PATE2	ENSG00000196844	ENST00000358524	protein_coding	0	0	0	3	0	0	0	0	2	0	0	0	0	0	0	0	1
PATE2	ENSG00000196844	ENST00000436890	protein_coding	0	0	0	3	0	0	0	0	2	0	0	0	0	0	0	0	1
PATE3	ENSG00000236027	ENST00000445202	protein_coding	0	0	0	1	0	0	0	0	0	0	0	0	0	0	0	0	1
PAX2	ENSG00000075891	ENST00000355243	protein_coding	0	0	0	2	0	0	0	0	1	0	1	0	0	0	0	0	0
PAX2	ENSG00000075891	ENST00000361791	protein_coding	0	0	0	2	0	0	0	0	1	0	1	0	0	0	0	0	0
PAX2	ENSG00000075891	ENST00000370296	protein_coding	0	0	0	2	0	0	0	0	1	0	1	0	0	0	0	0	0
PAX2	ENSG00000075891	ENST00000427256	protein_coding	0	0	0	1	0	0	0	0	0	0	1	0	0	0	0	0	0
PAX2	ENSG00000075891	ENST00000428433	protein_coding	0	0	0	2	0	0	0	0	1	0	1	0	0	0	0	0	0
PAX2	ENSG00000075891	ENST00000554172	protein_coding	0	0	0	1	0	0	1	0	0	0	0	0	0	0	0	0	0
PAX2	ENSG00000075891	ENST00000556085	protein_coding	0	0	0	1	0	0	0	0	0	0	1	0	0	0	0	0	0
PBRM1	ENSG00000163939	ENST00000296302	protein_coding	0	0	0	5	0	0	0	0	0	0	5	0	0	0	0	0	0
PBRM1	ENSG00000163939	ENST00000337303	protein_coding	0	0	0	5	0	0	0	0	0	0	5	0	0	0	0	0	0
PBRM1	ENSG00000163939	ENST00000356770	protein_coding	0	0	0	6	0	0	0	0	1	0	5	0	0	0	0	0	0
PBRM1	ENSG00000163939	ENST00000394830	protein_coding	0	0	0	5	0	0	0	0	0	0	5	0	0	0	0	0	0
PBRM1	ENSG00000163939	ENST00000409057	protein_coding	0	0	0	5	0	0	0	0	0	0	5	0	0	0	0	0	0
PBRM1	ENSG00000163939	ENST00000409114	protein_coding	0	0	0	5	0	0	0	0	0	0	5	0	0	0	0	0	0
PBRM1	ENSG00000163939	ENST00000409767	protein_coding	0	0	0	5	0	0	0	0	0	0	5	0	0	0	0	0	0
PBRM1	ENSG00000163939	ENST00000410007	protein_coding	0	0	0	5	0	0	0	0	0	0	5	0	0	0	0	0	0
PBRM1	ENSG00000163939	ENST00000423351	protein_coding	0	0	0	5	0	0	0	0	1	0	4	0	0	0	0	0	0
PBRM1	ENSG00000163939	ENST00000431678	protein_coding	0	0	0	1	0	0	0	0	1	0	0	0	0	0	0	0	0
PBRM1	ENSG00000163939	ENST00000446103	protein_coding	0	0	0	2	0	0	0	0	1	0	1	0	0	0	0	0	0
PCOLCE2	ENSG00000163710	ENST00000295992	protein_coding	0	0	0	7	0	0	0	0	3	0	4	0	0	0	0	0	0
PCOLCE2	ENSG00000163710	ENST00000485766	protein_coding	0	0	0	7	0	0	0	0	3	0	4	0	0	0	0	0	0
PDCD1LG2	ENSG00000197646	ENST00000397745	protein_coding	0	0	0	2	1	0	0	0	0	0	1	0	0	0	0	0	0
PDCD1LG2	ENSG00000197646	ENST00000397747	protein_coding	0	0	0	2	1	0	0	0	0	0	1	0	0	0	0	0	0
PDGFRA	ENSG00000134853	ENST00000257290	protein_coding	0	0	0	14	0	0	0	0	0	0	12	0	0	0	0	0	2
PDGFRA	ENSG00000134853	ENST00000503856	protein_coding	0	0	0	14	0	0	0	0	0	0	12	0	0	0	0	0	2
PDGFRA	ENSG00000134853	ENST00000504461	protein_coding	0	0	0	14	0	0	0	0	0	0	12	0	0	0	0	0	2
PDGFRA	ENSG00000134853	ENST00000508170	protein_coding	0	0	0	14	0	0	0	0	0	0	12	0	0	0	0	0	2
PDGFRA	ENSG00000134853	ENST00000512143	protein_coding	0	0	0	14	0	0	0	0	0	0	12	0	0	0	0	0	2
PDGFRA	ENSG00000134853	ENST00000512522	protein_coding	0	0	0	10	0	0	0	0	0	0	8	0	0	0	0	0	2
PEAR1	ENSG00000187800	ENST00000292357	protein_coding	0	1	0	13	0	0	0	0	0	0	11	0	0	0	0	1	2
PEAR1	ENSG00000187800	ENST00000338302	protein_coding	0	1	0	13	0	0	0	0	0	0	11	0	0	0	0	1	2
PEAR1	ENSG00000187800	ENST00000455314	protein_coding	0	1	0	13	0	0	0	0	2	0	9	0	0	0	0	1	2
PHF6	ENSG00000156531	ENST00000332070	protein_coding	0	0	0	2	0	0	0	0	0	0	2	0	0	0	0	0	0
PHF6	ENSG00000156531	ENST00000370799	protein_coding	0	0	0	2	0	0	0	0	0	0	2	0	0	0	0	0	0
PHF6	ENSG00000156531	ENST00000370800	protein_coding	0	0	0	2	0	0	0	0	0	0	2	0	0	0	0	0	0
PHF6	ENSG00000156531	ENST00000370803	protein_coding	0	0	0	2	0	0	0	0	0	0	2	0	0	0	0	0	0
PHF6	ENSG00000156531	ENST00000394292	protein_coding	0	0	0	2	0	0	0	0	0	0	2	0	0	0	0	0	0
PHF6	ENSG00000156531	ENST00000416404	protein_coding	0	0	0	2	0	0	0	0	0	0	2	0	0	0	0	0	0
PHOX2B	ENSG00000109132	ENST00000226382	protein_coding	0	0	0	2	1	0	0	0	1	0	0	0	0	0	0	0	0
PHOX2B	ENSG00000109132	ENST00000510424	protein_coding	0	0	0	2	0	0	0	0	2	0	0	0	0	0	0	0	0
PIGP	ENSG00000185808	ENST00000360525	protein_coding	0	0	0	2	0	0	0	0	0	0	0	0	0	0	0	0	2
PIGP	ENSG00000185808	ENST00000399098	protein_coding	0	0	0	2	0	0	0	0	0	0	0	0	0	0	0	0	2
PIGP	ENSG00000185808	ENST00000399102	protein_coding	0	0	0	2	0	0	0	0	0	0	0	0	0	0	0	0	2
PIGP	ENSG00000185808	ENST00000399103	protein_coding	0	0	0	2	0	0	0	0	0	0	0	0	0	0	0	0	2
PIGP	ENSG00000185808	ENST00000430792	protein_coding	0	0	0	2	0	0	0	0	0	0	0	0	0	0	0	0	2
PIGP	ENSG00000185808	ENST00000464265	protein_coding	0	0	0	2	0	0	0	0	0	0	0	0	0	0	0	0	2
PITPNC1	ENSG00000154217	ENST00000299954	protein_coding	0	0	0	14	0	0	0	0	0	0	14	0	0	0	0	0	0
PITPNC1	ENSG00000154217	ENST00000335257	protein_coding	0	0	0	14	0	0	0	0	0	0	14	0	0	0	0	0	0
PITPNC1	ENSG00000154217	ENST00000580974	protein_coding	0	0	0	14	0	0	0	0	0	0	14	0	0	0	0	0	0
PITPNC1	ENSG00000154217	ENST00000581322	protein_coding	0	0	0	14	0	0	0	0	0	0	14	0	0	0	0	0	0
PITPNC1	ENSG00000154217	ENST00000584471	protein_coding	0	0	0	14	0	0	0	0	0	0	14	0	0	0	0	0	0
PITPNC1	ENSG00000154217	ENST00000584554	protein_coding	0	0	0	14	0	0	0	0	0	0	14	0	0	0	0	0	0
PLAC1	ENSG00000170965	ENST00000359237	protein_coding	0	0	0	1	0	0	0	0	0	0	1	0	0	0	0	0	0
PLEK2	ENSG00000100558	ENST00000216446	protein_coding	0	0	0	1	0	0	0	0	0	0	1	0	0	0	0	0	0
PLEK2	ENSG00000100558	ENST00000554395	protein_coding	0	0	0	1	0	0	0	0	0	0	0	0	0	0	0	0	1
PLP2	ENSG00000102007	ENST00000376322	protein_coding	0	0	0	2	0	0	0	0	2	0	0	0	0	0	0	0	0
PLP2	ENSG00000102007	ENST00000376327	protein_coding	0	0	0	4	1	0	0	0	3	0	0	0	0	0	0	0	0
PNMA2	ENSG00000240694	ENST00000522362	protein_coding	0	0	0	1	0	0	0	0	1	0	0	0	0	0	0	0	0
POLR3B	ENSG00000013503	ENST00000228347	protein_coding	0	0	0	1	0	0	0	0	0	0	1	0	0	0	0	0	0
POLR3B	ENSG00000013503	ENST00000539066	protein_coding	0	0	0	1	0	0	0	0	0	0	1	0	0	0	0	0	0
PPM1D	ENSG00000170836	ENST00000305921	protein_coding	0	0	0	4	0	0	0	0	0	0	4	0	0	0	0	0	0
PPM1D	ENSG00000170836	ENST00000590418	protein_coding	0	0	0	1	0	0	0	0	0	0	1	0	0	0	0	0	0
PRCC	ENSG00000143294	ENST00000271526	protein_coding	0	0	0	5	0	0	0	0	0	0	5	0	0	0	0	0	0
PRCC	ENSG00000143294	ENST00000353233	protein_coding	0	0	0	5	0	0	0	0	0	0	5	0	0	0	0	0	0
PRCC	ENSG00000143294	ENST00000454659	protein_coding	0	0	0	5	0	0	0	0	0	0	5	0	0	0	0	0	0
PRCC	ENSG00000143294	ENST00000526188	protein_coding	0	0	0	5	0	0	0	0	0	0	5	0	0	0	0	0	0
PRICKLE3	ENSG00000012211	ENST00000376310	protein_coding	0	0	0	12	0	0	0	0	2	0	10	0	0	0	0	0	0
PRICKLE3	ENSG00000012211	ENST00000376317	protein_coding	1	0	0	11	1	0	0	0	0	1	10	0	0	0	0	0	0
PRICKLE3	ENSG00000012211	ENST00000417014	protein_coding	0	0	0	10	0	0	0	0	7	0	3	0	0	0	0	0	0
PRICKLE3	ENSG00000012211	ENST00000432913	protein_coding	1	0	0	11	0	0	0	0	1	1	7	0	0	0	0	0	3
PRICKLE3	ENSG00000012211	ENST00000453382	protein_coding	1	0	0	11	0	0	0	0	1	1	7	0	0	0	0	0	3
PRICKLE3	ENSG00000012211	ENST00000536904	protein_coding	1	0	0	11	0	0	0	0	1	1	7	0	0	0	0	0	3
PRICKLE3	ENSG00000012211	ENST00000538114	protein_coding	1	0	0	11	0	0	0	0	1	1	10	0	0	0	0	0	0
PRICKLE3	ENSG00000012211	ENST00000540849	protein_coding	1	0	0	11	0	0	0	0	1	1	7	0	0	0	0	0	3
PRR23B	ENSG00000184814	ENST00000329447	protein_coding	0	0	0	2	0	0	0	0	2	0	0	0	0	0	0	0	0
PRR23C	ENSG00000233701	ENST00000413199	protein_coding	0	0	0	1	0	0	0	0	1	0	0	0	0	0	0	0	0
PRR23C	ENSG00000233701	ENST00000502927	protein_coding	0	0	0	1	0	0	0	0	1	0	0	0	0	0	0	0	0
PSG2	ENSG00000242221	ENST00000329509	protein_coding	0	0	0	1	0	0	0	0	0	0	1	0	0	0	0	0	0
PSG2	ENSG00000242221	ENST00000406487	protein_coding	0	0	0	1	0	0	0	0	0	0	1	0	0	0	0	0	0
PVRL2	ENSG00000130202	ENST00000252483	protein_coding	0	0	0	8	0	0	0	0	0	0	8	0	0	0	0	0	0
PVRL2	ENSG00000130202	ENST00000252485	protein_coding	0	0	0	8	0	0	0	0	0	0	8	0	0	0	0	0	0
R3HDM2	ENSG00000179912	ENST00000347140	protein_coding	0	0	0	4	0	0	0	0	0	0	4	0	0	0	0	0	0
R3HDM2	ENSG00000179912	ENST00000402412	protein_coding	0	0	0	4	0	0	0	0	0	0	4	0	0	0	0	0	0
R3HDM2	ENSG00000179912	ENST00000448732	protein_coding	0	0	0	4	0	0	0	0	0	0	4	0	0	0	0	0	0
RAB44	ENSG00000255587	ENST00000229824	protein_coding	0	0	0	1	0	0	0	0	0	0	1	0	0	0	0	0	0
RAD51B	ENSG00000182185	ENST00000390683	protein_coding	0	0	0	3	0	0	0	0	0	0	3	0	0	0	0	0	0
RAD51B	ENSG00000182185	ENST00000471583	protein_coding	0	0	0	3	0	0	0	0	0	0	3	0	0	0	0	0	0
RAD51B	ENSG00000182185	ENST00000487270	protein_coding	0	0	0	3	0	0	0	0	0	0	3	0	0	0	0	0	0
RAD51B	ENSG00000182185	ENST00000487861	protein_coding	0	0	0	3	0	0	0	0	0	0	3	0	0	0	0	0	0
RAD51B	ENSG00000182185	ENST00000488612	protein_coding	0	0	0	3	0	0	0	0	0	0	3	0	0	0	0	0	0
RAF1	ENSG00000132155	ENST00000251849	protein_coding	0	0	0	1	0	0	0	0	0	0	1	0	0	0	0	0	0
RAF1	ENSG00000132155	ENST00000442415	protein_coding	0	0	0	1	0	0	0	0	0	0	1	0	0	0	0	0	0
RAF1	ENSG00000132155	ENST00000542177	protein_coding	0	0	0	1	0	0	0	0	0	0	1	0	0	0	0	0	0
RGS16	ENSG00000143333	ENST00000367558	protein_coding	0	0	0	1	0	0	0	0	0	0	0	0	0	0	0	0	1
RGS7	ENSG00000182901	ENST00000348120	protein_coding	0	0	0	2	0	0	0	0	0	0	1	0	0	0	0	0	1
RGS7	ENSG00000182901	ENST00000366562	protein_coding	0	0	0	2	0	0	0	0	0	0	1	0	0	0	0	0	1
RGS7	ENSG00000182901	ENST00000366563	protein_coding	0	0	0	2	0	0	0	0	0	0	2	0	0	0	0	0	0
RGS7	ENSG00000182901	ENST00000366564	protein_coding	0	0	0	2	0	0	0	0	0	0	2	0	0	0	0	0	0
RGS7	ENSG00000182901	ENST00000366565	protein_coding	0	0	0	2	0	0	0	0	0	0	2	0	0	0	0	0	0
RGS7	ENSG00000182901	ENST00000401882	protein_coding	0	0	0	2	0	0	0	0	0	0	1	0	0	0	0	0	1
RGS7	ENSG00000182901	ENST00000407727	protein_coding	0	0	0	2	0	0	0	0	0	0	1	0	0	0	0	0	1
RHBDD3	ENSG00000100263	ENST00000216085	protein_coding	0	0	0	2	0	0	0	0	1	0	0	0	0	0	0	0	1
RHBDD3	ENSG00000100263	ENST00000406335	protein_coding	0	0	0	1	0	0	0	0	0	0	0	0	0	0	0	0	1
RHBDD3	ENSG00000100263	ENST00000414672	protein_coding	0	0	0	2	0	0	0	0	1	0	0	0	0	0	0	0	1
RICTOR	ENSG00000164327	ENST00000296782	protein_coding	2	2	3	4	1	0	0	0	0	1	5	3	1	1	0	1	0
RICTOR	ENSG00000164327	ENST00000357387	protein_coding	2	2	3	4	1	0	0	0	0	1	5	3	1	1	0	1	0
RICTOR	ENSG00000164327	ENST00000514735	protein_coding	0	0	1	1	0	0	0	0	0	0	1	1	0	0	0	0	0
RIPPLY3	ENSG00000183145	ENST00000329553	protein_coding	0	0	0	3	0	0	0	0	0	0	3	0	0	0	0	0	0
RMND1	ENSG00000155906	ENST00000336451	protein_coding	0	1	0	44	0	0	0	0	4	0	34	0	0	0	0	1	6
RMND1	ENSG00000155906	ENST00000367303	protein_coding	0	1	0	49	0	0	1	0	4	0	41	0	0	0	0	1	3
RMND1	ENSG00000155906	ENST00000444024	protein_coding	0	1	0	41	0	0	1	0	6	0	31	0	0	0	0	1	3
RP11-368I7.4	ENSG00000260259	ENST00000567544	protein_coding	0	0	0	2	0	0	0	0	2	0	0	0	0	0	0	0	0
RP11-598P20.5	ENSG00000254673	ENST00000534420	protein_coding	0	0	0	1	0	0	0	0	0	0	1	0	0	0	0	0	0
RP4-559A3.7	ENSG00000255835	ENST00000432920	protein_coding	0	0	0	1	0	0	0	0	1	0	0	0	0	0	0	0	0
RSPH10B	ENSG00000155026	ENST00000337579	protein_coding	0	0	0	6	0	0	0	0	0	0	6	0	0	0	0	0	0
RSPH10B	ENSG00000155026	ENST00000404406	protein_coding	0	0	0	6	0	0	0	0	0	0	6	0	0	0	0	0	0
RSPH10B	ENSG00000155026	ENST00000405415	protein_coding	0	0	0	6	0	0	0	0	0	0	6	0	0	0	0	0	0
RSPH10B	ENSG00000155026	ENST00000441023	protein_coding	0	0	0	6	0	0	0	0	0	0	6	0	0	0	0	0	0
RSPH10B	ENSG00000155026	ENST00000455618	protein_coding	0	0	0	1	0	0	0	0	1	0	0	0	0	0	0	0	0
RSPH10B	ENSG00000155026	ENST00000539903	protein_coding	0	0	0	6	0	0	0	0	0	0	5	0	0	0	0	0	1
RSPH10B	ENSG00000155026	ENST00000542644	protein_coding	0	0	0	1	0	0	0	0	1	0	0	0	0	0	0	0	0
RUNX1	ENSG00000159216	ENST00000300305	protein_coding	0	0	0	1	0	0	0	0	0	0	1	0	0	0	0	0	0
RUNX1	ENSG00000159216	ENST00000416754	protein_coding	0	0	0	1	0	0	0	0	0	0	1	0	0	0	0	0	0
RUNX1	ENSG00000159216	ENST00000437180	protein_coding	0	0	0	1	0	0	0	0	0	0	1	0	0	0	0	0	0
RUNX1	ENSG00000159216	ENST00000455571	protein_coding	0	0	0	1	0	0	0	0	0	0	1	0	0	0	0	0	0
RUNX1	ENSG00000159216	ENST00000475045	protein_coding	0	0	0	1	0	0	0	0	0	0	1	0	0	0	0	0	0
RUNX1	ENSG00000159216	ENST00000486278	protein_coding	0	0	0	1	0	0	0	0	0	0	1	0	0	0	0	0	0
RXFP2	ENSG00000133105	ENST00000298386	protein_coding	0	0	0	13	0	0	0	0	0	0	13	0	0	0	0	0	0
RXFP2	ENSG00000133105	ENST00000380314	protein_coding	0	0	0	13	0	0	0	0	0	0	13	0	0	0	0	0	0
SAC3D1	ENSG00000168061	ENST00000398846	protein_coding	0	0	0	8	0	0	0	0	0	0	5	0	0	0	0	0	3
SAC3D1	ENSG00000168061	ENST00000529996	protein_coding	0	0	0	8	0	0	0	0	0	0	5	0	0	0	0	0	3
SAC3D1	ENSG00000168061	ENST00000531072	protein_coding	0	0	0	8	0	0	0	0	0	0	5	0	0	0	0	0	3
SARDH	ENSG00000123453	ENST00000371868	protein_coding	0	0	0	1	0	0	0	0	0	0	1	0	0	0	0	0	0
SARDH	ENSG00000123453	ENST00000371872	protein_coding	0	0	0	1	0	0	0	0	0	0	1	0	0	0	0	0	0
SARDH	ENSG00000123453	ENST00000422262	protein_coding	0	0	0	1	0	0	0	0	0	0	1	0	0	0	0	0	0
SARDH	ENSG00000123453	ENST00000439388	protein_coding	0	0	0	1	0	0	0	0	0	0	1	0	0	0	0	0	0
SDHA	ENSG00000073578	ENST00000264932	protein_coding	0	0	1	2	0	0	0	0	0	0	2	1	0	0	0	0	0
SDHA	ENSG00000073578	ENST00000504309	protein_coding	0	0	1	2	0	0	0	0	0	0	2	1	0	0	0	0	0
SDHA	ENSG00000073578	ENST00000510361	protein_coding	0	0	0	3	0	0	0	0	0	0	3	0	0	0	0	0	0
SDHA	ENSG00000073578	ENST00000515815	protein_coding	0	0	0	1	0	0	0	0	0	0	0	0	0	0	0	0	1
SEMA4B	ENSG00000185033	ENST00000332496	protein_coding	1	0	1	7	0	0	0	1	0	1	7	0	0	0	0	0	0
SEMA4B	ENSG00000185033	ENST00000379122	protein_coding	1	0	1	7	0	0	0	1	0	1	7	0	0	0	0	0	0
SEMA4B	ENSG00000185033	ENST00000411539	protein_coding	1	0	1	7	0	0	0	1	0	1	7	0	0	0	0	0	0
SEMA4B	ENSG00000185033	ENST00000558051	protein_coding	1	0	1	7	0	0	0	1	3	1	4	0	0	0	0	0	0
SEMA4B	ENSG00000185033	ENST00000558895	protein_coding	0	0	0	6	0	0	0	0	5	0	1	0	0	0	0	0	0
SEMA4B	ENSG00000185033	ENST00000559074	protein_coding	0	0	0	8	0	0	0	0	0	0	3	0	0	0	0	0	5
SEMA4B	ENSG00000185033	ENST00000559247	protein_coding	0	0	0	3	0	0	0	0	0	0	2	0	0	0	0	0	1
SEMA4B	ENSG00000185033	ENST00000559322	protein_coding	1	0	0	5	0	0	0	0	4	1	1	0	0	0	0	0	0
SEMA4B	ENSG00000185033	ENST00000559792	protein_coding	1	0	0	5	0	0	0	0	4	1	1	0	0	0	0	0	0
SEMA4B	ENSG00000185033	ENST00000559983	protein_coding	0	0	0	3	0	0	0	0	0	0	2	0	0	0	0	0	1
SEMA4B	ENSG00000185033	ENST00000561085	protein_coding	1	0	1	6	0	0	0	1	2	1	4	0	0	0	0	0	0
SERPINA3	ENSG00000196136	ENST00000393078	protein_coding	0	0	0	4	0	0	0	0	4	0	0	0	0	0	0	0	0
SERPINA3	ENSG00000196136	ENST00000393080	protein_coding	0	0	0	4	0	0	0	0	4	0	0	0	0	0	0	0	0
SERPINA3	ENSG00000196136	ENST00000467132	protein_coding	0	0	0	4	0	0	0	0	4	0	0	0	0	0	0	0	0
SERPINA3	ENSG00000196136	ENST00000482740	protein_coding	0	0	0	4	0	0	0	0	4	0	0	0	0	0	0	0	0
SETD2	ENSG00000181555	ENST00000409792	protein_coding	0	0	1	9	0	0	0	0	2	0	7	1	0	0	0	0	0
SETD2	ENSG00000181555	ENST00000412450	protein_coding	0	0	1	0	0	0	0	0	0	0	0	1	0	0	0	0	0
SH2D2A	ENSG00000027869	ENST00000368198	protein_coding	0	0	0	2	0	0	0	0	0	0	1	0	0	0	0	0	1
SH2D2A	ENSG00000027869	ENST00000368199	protein_coding	0	0	0	2	0	0	0	0	0	0	1	0	0	0	0	0	1
SH2D2A	ENSG00000027869	ENST00000392306	protein_coding	0	0	0	2	0	0	0	0	0	0	1	0	0	0	0	0	1
SLC2A10	ENSG00000197496	ENST00000359271	protein_coding	0	0	0	3	0	0	0	0	0	0	0	0	0	0	0	0	3
SLC34A2	ENSG00000157765	ENST00000382051	protein_coding	0	0	0	3	0	0	0	0	0	0	3	0	0	0	0	0	0
SLC34A2	ENSG00000157765	ENST00000503434	protein_coding	0	0	0	3	0	0	0	0	0	0	3	0	0	0	0	0	0
SLC34A2	ENSG00000157765	ENST00000504570	protein_coding	0	0	0	3	0	0	0	0	0	0	3	0	0	0	0	0	0
SLC34A2	ENSG00000157765	ENST00000507530	protein_coding	0	0	0	3	0	0	0	0	0	0	3	0	0	0	0	0	0
SLC34A2	ENSG00000157765	ENST00000513204	protein_coding	0	0	0	3	0	0	0	0	0	0	3	0	0	0	0	0	0
SLC9A3R2	ENSG00000065054	ENST00000424542	protein_coding	0	1	0	14	0	0	0	0	0	0	11	0	0	0	0	1	3
SLC9A3R2	ENSG00000065054	ENST00000432365	protein_coding	0	1	0	14	0	0	0	0	0	0	11	0	0	0	0	1	3
SLC9A3R2	ENSG00000065054	ENST00000561844	protein_coding	0	1	0	12	1	0	0	0	0	0	8	0	0	0	0	1	3
SLC9A3R2	ENSG00000065054	ENST00000563587	protein_coding	0	1	0	12	0	0	0	0	0	0	9	0	0	0	0	1	3
SLC9A3R2	ENSG00000065054	ENST00000565855	protein_coding	0	1	0	11	0	0	0	0	0	0	5	0	0	0	0	1	6
SLC9A3R2	ENSG00000065054	ENST00000566198	protein_coding	0	1	0	11	0	0	0	0	0	0	5	0	0	0	0	1	6
SLC9A3R2	ENSG00000065054	ENST00000567504	protein_coding	0	0	0	15	0	0	0	0	3	0	10	0	0	0	0	0	2
SMIM4	ENSG00000168273	ENST00000307106	protein_coding	0	0	0	1	0	0	0	0	1	0	0	0	0	0	0	0	0
SMIM4	ENSG00000168273	ENST00000476842	protein_coding	0	0	0	5	0	0	0	0	2	0	3	0	0	0	0	0	0
SMIM4	ENSG00000168273	ENST00000477703	protein_coding	0	0	0	1	0	0	0	0	1	0	0	0	0	0	0	0	0
SNX15	ENSG00000110025	ENST00000352068	protein_coding	0	0	0	8	0	0	0	0	5	0	3	0	0	0	0	0	0
SNX15	ENSG00000110025	ENST00000377244	protein_coding	0	0	0	8	0	0	0	0	5	0	3	0	0	0	0	0	0
SNX15	ENSG00000110025	ENST00000524831	protein_coding	0	0	0	3	0	0	0	0	3	0	0	0	0	0	0	0	0
SNX15	ENSG00000110025	ENST00000525648	protein_coding	0	0	0	3	0	0	0	0	3	0	0	0	0	0	0	0	0
SNX15	ENSG00000110025	ENST00000534637	protein_coding	0	0	0	3	0	0	0	0	3	0	0	0	0	0	0	0	0
SPACA3	ENSG00000141316	ENST00000269053	protein_coding	0	0	0	1	0	0	0	0	1	0	0	0	0	0	0	0	0
SPACA3	ENSG00000141316	ENST00000394638	protein_coding	0	0	0	1	0	0	0	0	1	0	0	0	0	0	0	0	0
SPACA3	ENSG00000141316	ENST00000580599	protein_coding	0	0	0	1	0	0	0	0	1	0	0	0	0	0	0	0	0
SPAG16	ENSG00000144451	ENST00000331683	protein_coding	0	0	0	11	0	0	0	0	0	0	11	0	0	0	0	0	0
SPAG16	ENSG00000144451	ENST00000374309	protein_coding	0	0	0	11	0	0	0	0	0	0	11	0	0	0	0	0	0
SPAG16	ENSG00000144451	ENST00000451561	protein_coding	0	0	0	11	0	0	0	0	0	0	11	0	0	0	0	0	0
SPATA2L	ENSG00000158792	ENST00000289805	protein_coding	0	0	0	4	0	0	0	0	0	0	1	0	0	0	0	0	3
SPATA2L	ENSG00000158792	ENST00000335360	protein_coding	0	0	0	4	0	0	0	0	0	0	1	0	0	0	0	0	3
SPATA2L	ENSG00000158792	ENST00000569918	protein_coding	0	0	0	4	0	0	0	0	0	0	1	0	0	0	0	0	3
SPATA33	ENSG00000167523	ENST00000301031	protein_coding	0	0	0	4	0	0	0	0	4	0	0	0	0	0	0	0	0
SPATA33	ENSG00000167523	ENST00000566204	protein_coding	0	0	0	4	0	0	0	0	4	0	0	0	0	0	0	0	0
SPATA33	ENSG00000167523	ENST00000579310	protein_coding	0	0	0	4	0	0	0	0	4	0	0	0	0	0	0	0	0
SRM	ENSG00000116649	ENST00000376957	protein_coding	0	0	0	5	0	0	0	0	4	0	0	0	0	0	0	0	1
SRM	ENSG00000116649	ENST00000465788	protein_coding	0	0	0	5	0	0	0	0	4	0	0	0	0	0	0	0	1
SRM	ENSG00000116649	ENST00000487300	protein_coding	0	0	0	5	0	0	0	0	4	0	0	0	0	0	0	0	1
SRM	ENSG00000116649	ENST00000490101	protein_coding	0	0	0	4	0	0	0	0	4	0	0	0	0	0	0	0	0
SSBP2	ENSG00000145687	ENST00000320672	protein_coding	0	0	0	5	0	0	0	0	0	0	5	0	0	0	0	0	0
SSBP2	ENSG00000145687	ENST00000504985	protein_coding	0	0	0	5	0	0	0	0	0	0	4	0	0	0	0	0	1
SSBP2	ENSG00000145687	ENST00000505980	protein_coding	0	0	0	5	0	0	0	0	0	0	5	0	0	0	0	0	0
SSBP2	ENSG00000145687	ENST00000509013	protein_coding	0	0	0	4	0	0	0	0	0	0	4	0	0	0	0	0	0
SSBP2	ENSG00000145687	ENST00000509053	protein_coding	0	0	0	5	0	0	0	0	0	0	5	0	0	0	0	0	0
SSBP2	ENSG00000145687	ENST00000512923	protein_coding	0	0	0	5	0	0	0	0	0	0	4	0	0	0	0	0	1
SSBP2	ENSG00000145687	ENST00000514493	protein_coding	0	0	0	5	0	0	0	0	0	0	5	0	0	0	0	0	0
SSBP2	ENSG00000145687	ENST00000515395	protein_coding	0	0	0	5	0	0	0	0	0	0	5	0	0	0	0	0	0
ST7	ENSG00000004866	ENST00000265437	protein_coding	0	0	0	23	0	0	0	0	0	0	23	0	0	0	0	0	0
ST7	ENSG00000004866	ENST00000323984	protein_coding	0	0	0	23	0	0	0	0	0	0	23	0	0	0	0	0	0
ST7	ENSG00000004866	ENST00000393443	protein_coding	0	0	0	23	0	0	0	0	0	0	23	0	0	0	0	0	0
ST7	ENSG00000004866	ENST00000393444	protein_coding	0	0	0	23	0	0	0	0	0	0	23	0	0	0	0	0	0
ST7	ENSG00000004866	ENST00000393446	protein_coding	0	0	0	23	0	0	0	0	0	0	23	0	0	0	0	0	0
ST7	ENSG00000004866	ENST00000393447	protein_coding	0	0	0	23	0	0	0	0	0	0	23	0	0	0	0	0	0
ST7	ENSG00000004866	ENST00000393449	protein_coding	0	0	0	23	0	0	0	0	0	0	23	0	0	0	0	0	0
ST7	ENSG00000004866	ENST00000393451	protein_coding	0	0	0	23	0	0	0	0	0	0	23	0	0	0	0	0	0
ST7	ENSG00000004866	ENST00000417919	protein_coding	0	0	0	16	0	0	0	0	2	0	14	0	0	0	0	0	0
ST7	ENSG00000004866	ENST00000420755	protein_coding	0	0	0	10	0	0	0	0	5	0	5	0	0	0	0	0	0
ST7	ENSG00000004866	ENST00000421345	protein_coding	0	0	0	16	0	0	0	0	2	0	14	0	0	0	0	0	0
ST7	ENSG00000004866	ENST00000422922	protein_coding	0	0	0	23	0	0	0	0	0	0	23	0	0	0	0	0	0
ST7	ENSG00000004866	ENST00000432298	protein_coding	0	0	0	23	0	0	0	0	0	0	23	0	0	0	0	0	0
ST7	ENSG00000004866	ENST00000434836	protein_coding	0	0	0	13	0	0	0	0	1	0	12	0	0	0	0	0	0
ST7	ENSG00000004866	ENST00000446490	protein_coding	0	0	0	23	0	0	0	0	0	0	23	0	0	0	0	0	0
ST7	ENSG00000004866	ENST00000449366	protein_coding	0	0	0	22	0	0	0	0	6	0	16	0	0	0	0	0	0
ST7	ENSG00000004866	ENST00000465133	protein_coding	0	0	0	22	0	0	0	0	0	0	22	0	0	0	0	0	0
ST7	ENSG00000004866	ENST00000477742	protein_coding	0	0	0	22	0	0	0	0	6	0	16	0	0	0	0	0	0
ST7	ENSG00000004866	ENST00000490039	protein_coding	0	0	0	11	0	0	0	0	0	0	11	0	0	0	0	0	0
STAB1	ENSG00000010327	ENST00000321725	protein_coding	1	0	1	2	0	0	0	0	1	1	1	1	0	0	0	0	0
STAB1	ENSG00000010327	ENST00000469989	protein_coding	1	0	0	2	0	0	0	0	1	1	0	0	0	0	0	0	1
STK11	ENSG00000118046	ENST00000326873	protein_coding	0	0	0	7	2	0	0	0	0	0	5	0	0	0	0	0	0
STK11	ENSG00000118046	ENST00000585851	protein_coding	0	0	0	4	0	0	0	0	3	0	1	0	0	0	0	0	0
STK11	ENSG00000118046	ENST00000586243	protein_coding	0	2	0	5	0	0	0	0	0	0	4	0	0	0	0	2	1
STRADA	ENSG00000266173	ENST00000245865	protein_coding	0	0	0	1	0	0	0	0	0	0	1	0	0	0	0	0	0
STRADA	ENSG00000266173	ENST00000336174	protein_coding	0	0	0	1	0	0	0	0	0	0	1	0	0	0	0	0	0
STRADA	ENSG00000266173	ENST00000375840	protein_coding	0	0	0	1	0	0	0	0	0	0	1	0	0	0	0	0	0
STRADA	ENSG00000266173	ENST00000392950	protein_coding	0	0	0	1	0	0	0	0	0	0	1	0	0	0	0	0	0
STRADA	ENSG00000266173	ENST00000447001	protein_coding	0	0	0	1	0	0	0	0	0	0	1	0	0	0	0	0	0
STRADA	ENSG00000266173	ENST00000579340	protein_coding	0	0	0	1	0	0	0	0	0	0	1	0	0	0	0	0	0
STRADA	ENSG00000266173	ENST00000579549	protein_coding	0	0	0	1	0	0	0	0	0	0	1	0	0	0	0	0	0
STRADA	ENSG00000266173	ENST00000580288	protein_coding	0	0	0	1	0	0	0	0	0	0	1	0	0	0	0	0	0
STRADA	ENSG00000266173	ENST00000580338	protein_coding	0	0	0	1	0	0	0	0	0	0	1	0	0	0	0	0	0
STRADA	ENSG00000266173	ENST00000582030	protein_coding	0	0	0	1	0	0	0	0	0	0	1	0	0	0	0	0	0
STRADA	ENSG00000266173	ENST00000582137	protein_coding	0	0	0	1	0	0	0	0	0	0	1	0	0	0	0	0	0
STRADA	ENSG00000266173	ENST00000584110	protein_coding	0	0	0	1	0	0	0	0	0	0	1	0	0	0	0	0	0
SYNGR3	ENSG00000127561	ENST00000248121	protein_coding	0	1	0	7	0	1	1	0	6	0	0	0	0	0	0	0	0
SYNGR3	ENSG00000127561	ENST00000562045	protein_coding	0	0	0	5	0	0	0	0	4	0	0	0	0	0	0	0	1
SYNGR3	ENSG00000127561	ENST00000563869	protein_coding	0	0	0	4	0	0	0	0	3	0	1	0	0	0	0	0	0
SYNGR3	ENSG00000127561	ENST00000568896	protein_coding	0	0	0	4	0	0	0	0	3	0	0	0	0	0	0	0	1
SYP	ENSG00000102003	ENST00000263233	protein_coding	0	0	0	4	0	0	0	0	4	0	0	0	0	0	0	0	0
SYP	ENSG00000102003	ENST00000472598	protein_coding	0	0	0	3	0	0	0	0	3	0	0	0	0	0	0	0	0
SYP	ENSG00000102003	ENST00000479808	protein_coding	0	0	0	1	0	0	0	0	1	0	0	0	0	0	0	0	0
SYP	ENSG00000102003	ENST00000538567	protein_coding	0	0	0	3	0	0	0	0	3	0	0	0	0	0	0	0	0
TACC3	ENSG00000013810	ENST00000313288	protein_coding	0	0	0	13	0	0	0	0	0	0	13	0	0	0	0	0	0
TACC3	ENSG00000013810	ENST00000458173	protein_coding	0	0	0	6	0	0	0	0	2	0	4	0	0	0	0	0	0
TACC3	ENSG00000013810	ENST00000470136	protein_coding	0	0	0	12	0	0	0	0	1	0	7	0	0	0	0	0	4
TACC3	ENSG00000013810	ENST00000485989	protein_coding	0	0	0	12	0	0	0	0	1	0	11	0	0	0	0	0	0
TACC3	ENSG00000013810	ENST00000493975	protein_coding	0	0	0	6	0	0	0	0	2	0	4	0	0	0	0	0	0
TACO1	ENSG00000136463	ENST00000258975	protein_coding	0	0	0	1	0	0	0	0	1	0	0	0	0	0	0	0	0
TEAD3	ENSG00000007866	ENST00000338863	protein_coding	0	0	0	7	0	0	0	0	0	0	7	0	0	0	0	0	0
TEAD3	ENSG00000007866	ENST00000402886	protein_coding	0	0	0	7	0	0	0	0	0	0	7	0	0	0	0	0	0
TENM1	ENSG00000009694	ENST00000371130	protein_coding	0	0	0	13	0	0	0	0	0	0	12	0	0	0	0	0	1
TENM1	ENSG00000009694	ENST00000422452	protein_coding	0	0	0	13	0	0	0	0	0	0	12	0	0	0	0	0	1
TFEB	ENSG00000112561	ENST00000230323	protein_coding	0	0	0	2	0	0	0	0	0	0	2	0	0	0	0	0	0
TFEB	ENSG00000112561	ENST00000358871	protein_coding	0	0	0	2	0	0	0	0	0	0	2	0	0	0	0	0	0
TFEB	ENSG00000112561	ENST00000373033	protein_coding	0	0	0	2	0	0	0	0	0	0	2	0	0	0	0	0	0
TFEB	ENSG00000112561	ENST00000394283	protein_coding	0	0	0	2	0	0	0	0	0	0	2	0	0	0	0	0	0
TFEB	ENSG00000112561	ENST00000403298	protein_coding	0	0	0	2	0	0	0	0	0	0	2	0	0	0	0	0	0
TFEB	ENSG00000112561	ENST00000416140	protein_coding	0	0	0	2	0	0	0	0	0	0	2	0	0	0	0	0	0
TFEB	ENSG00000112561	ENST00000419396	protein_coding	0	0	0	2	0	0	0	0	0	0	2	0	0	0	0	0	0
TFEB	ENSG00000112561	ENST00000420312	protein_coding	0	0	0	2	0	0	0	0	0	0	2	0	0	0	0	0	0
TFEB	ENSG00000112561	ENST00000424495	protein_coding	0	0	0	2	0	0	0	0	0	0	2	0	0	0	0	0	0
TFEB	ENSG00000112561	ENST00000425401	protein_coding	0	0	0	2	0	0	0	0	0	0	2	0	0	0	0	0	0
TFEB	ENSG00000112561	ENST00000433032	protein_coding	0	0	0	2	0	0	0	0	0	0	2	0	0	0	0	0	0
TFEB	ENSG00000112561	ENST00000445700	protein_coding	0	0	0	2	0	0	0	0	0	0	2	0	0	0	0	0	0
TMEM116	ENSG00000198270	ENST00000354825	protein_coding	0	0	0	2	0	0	0	0	0	0	2	0	0	0	0	0	0
TMEM116	ENSG00000198270	ENST00000355445	protein_coding	0	0	0	2	0	0	0	0	0	0	2	0	0	0	0	0	0
TMEM116	ENSG00000198270	ENST00000437003	protein_coding	0	0	0	2	0	0	0	0	0	0	2	0	0	0	0	0	0
TMEM116	ENSG00000198270	ENST00000546962	protein_coding	0	0	0	2	0	0	0	0	0	0	0	0	0	0	0	0	2
TMEM116	ENSG00000198270	ENST00000549425	protein_coding	0	0	0	2	0	0	0	0	0	0	0	0	0	0	0	0	2
TMEM116	ENSG00000198270	ENST00000549537	protein_coding	0	0	0	2	0	0	0	0	0	0	2	0	0	0	0	0	0
TMEM116	ENSG00000198270	ENST00000550037	protein_coding	0	0	0	2	0	0	0	0	0	0	0	0	0	0	0	0	2
TMEM116	ENSG00000198270	ENST00000550233	protein_coding	0	0	0	2	0	0	0	0	0	0	0	0	0	0	0	0	2
TMEM116	ENSG00000198270	ENST00000550800	protein_coding	0	0	0	2	0	0	0	0	0	0	0	0	0	0	0	0	2
TMEM116	ENSG00000198270	ENST00000550831	protein_coding	0	0	0	2	0	0	0	0	0	0	2	0	0	0	0	0	0
TMEM116	ENSG00000198270	ENST00000552374	protein_coding	0	0	0	2	0	0	0	0	0	0	2	0	0	0	0	0	0
TMEM129	ENSG00000168936	ENST00000303277	protein_coding	0	0	0	2	0	0	0	0	0	0	0	0	0	0	0	0	2
TMEM129	ENSG00000168936	ENST00000382936	protein_coding	0	0	0	2	0	0	0	0	0	0	0	0	0	0	0	0	2
TMEM129	ENSG00000168936	ENST00000536901	protein_coding	0	0	0	2	0	0	0	0	0	0	0	0	0	0	0	0	2
TMEM178B	ENSG00000261115	ENST00000565468	protein_coding	0	0	0	15	0	0	0	0	0	0	15	0	0	0	0	0	0
TMEM63A	ENSG00000196187	ENST00000366835	protein_coding	0	0	0	2	0	0	0	0	0	0	1	0	0	0	0	0	1
TMEM63A	ENSG00000196187	ENST00000436966	protein_coding	0	0	0	1	0	0	0	0	0	0	1	0	0	0	0	0	0
TMEM98	ENSG00000006042	ENST00000261713	protein_coding	0	0	0	1	0	0	0	0	0	0	1	0	0	0	0	0	0
TMEM98	ENSG00000006042	ENST00000394642	protein_coding	0	0	0	1	0	0	0	0	0	0	1	0	0	0	0	0	0
TMEM98	ENSG00000006042	ENST00000395149	protein_coding	0	0	0	1	0	0	0	0	0	0	1	0	0	0	0	0	0
TMEM98	ENSG00000006042	ENST00000439138	protein_coding	0	0	0	1	0	0	0	0	0	0	1	0	0	0	0	0	0
TMEM98	ENSG00000006042	ENST00000578289	protein_coding	0	0	0	1	0	0	0	0	0	0	1	0	0	0	0	0	0
TMEM98	ENSG00000006042	ENST00000579849	protein_coding	0	0	0	1	0	0	0	0	0	0	1	0	0	0	0	0	0
TMEM98	ENSG00000006042	ENST00000583437	protein_coding	0	0	0	1	0	0	0	0	0	0	1	0	0	0	0	0	0
TNIP1	ENSG00000145901	ENST00000315050	protein_coding	0	0	0	4	0	0	0	0	4	0	0	0	0	0	0	0	0
TNIP1	ENSG00000145901	ENST00000389378	protein_coding	0	0	0	4	0	0	0	0	4	0	0	0	0	0	0	0	0
TNIP1	ENSG00000145901	ENST00000517504	protein_coding	0	0	0	4	0	0	0	0	4	0	0	0	0	0	0	0	0
TNIP1	ENSG00000145901	ENST00000518977	protein_coding	0	0	0	2	0	0	0	0	2	0	0	0	0	0	0	0	0
TNIP1	ENSG00000145901	ENST00000520931	protein_coding	0	0	0	4	0	0	0	0	4	0	0	0	0	0	0	0	0
TNIP1	ENSG00000145901	ENST00000521591	protein_coding	0	0	0	2	0	0	0	0	2	0	0	0	0	0	0	0	0
TNIP1	ENSG00000145901	ENST00000522226	protein_coding	0	0	0	2	0	0	0	0	2	0	0	0	0	0	0	0	0
TNIP1	ENSG00000145901	ENST00000523200	protein_coding	0	0	0	2	0	0	0	0	2	0	0	0	0	0	0	0	0
TNIP1	ENSG00000145901	ENST00000523338	protein_coding	0	0	0	4	0	0	0	0	4	0	0	0	0	0	0	0	0
TNIP1	ENSG00000145901	ENST00000524280	protein_coding	0	0	0	2	0	0	0	0	2	0	0	0	0	0	0	0	0
TP53AIP1	ENSG00000120471	ENST00000458238	protein_coding	0	0	0	2	0	0	0	0	0	0	2	0	0	0	0	0	0
TP53AIP1	ENSG00000120471	ENST00000530777	protein_coding	0	0	0	2	0	0	0	0	0	0	0	0	0	0	0	0	2
TP53AIP1	ENSG00000120471	ENST00000531399	protein_coding	0	0	0	2	0	0	0	0	0	0	2	0	0	0	0	0	0
TP53AIP1	ENSG00000120471	ENST00000602346	protein_coding	0	0	0	2	0	0	0	0	0	0	2	0	0	0	0	0	0
TRIM43	ENSG00000144015	ENST00000272395	protein_coding	0	0	0	1	0	0	0	0	0	0	0	0	0	0	0	0	1
TRPC1	ENSG00000144935	ENST00000273482	protein_coding	0	0	0	4	0	0	0	0	0	0	4	0	0	0	0	0	0
TRPC1	ENSG00000144935	ENST00000476941	protein_coding	0	0	0	4	0	0	0	0	0	0	4	0	0	0	0	0	0
TSEN2	ENSG00000154743	ENST00000412698	protein_coding	0	0	0	2	0	0	0	0	2	0	0	0	0	0	0	0	0
TSSK1B	ENSG00000212122	ENST00000390666	protein_coding	0	0	0	1	0	0	0	0	1	0	0	0	0	0	0	0	0
TTC28	ENSG00000100154	ENST00000397906	protein_coding	0	0	0	8	0	0	0	0	0	0	8	0	0	0	0	0	0
TTC3	ENSG00000182670	ENST00000354749	protein_coding	0	0	0	1	0	0	0	0	1	0	0	0	0	0	0	0	0
TTC3	ENSG00000182670	ENST00000355666	protein_coding	0	1	0	2	0	0	0	0	1	0	2	0	0	1	0	0	0
TTC3	ENSG00000182670	ENST00000399010	protein_coding	0	1	0	1	0	0	0	0	0	0	2	0	0	1	0	0	0
TTC3	ENSG00000182670	ENST00000399017	protein_coding	0	0	0	1	0	0	0	0	1	0	0	0	0	0	0	0	0
TTC3	ENSG00000182670	ENST00000418766	protein_coding	0	0	0	2	0	0	2	0	0	0	0	0	0	0	0	0	0
TTC3	ENSG00000182670	ENST00000428693	protein_coding	0	0	0	1	0	0	0	0	1	0	0	0	0	0	0	0	0
TTC3	ENSG00000182670	ENST00000438055	protein_coding	0	1	0	1	0	0	0	0	0	0	2	0	0	1	0	0	0
TTC3	ENSG00000182670	ENST00000450533	protein_coding	0	1	0	1	0	0	0	0	0	0	2	0	0	1	0	0	0
TTC3	ENSG00000182670	ENST00000540756	protein_coding	0	1	0	1	0	0	0	0	0	0	2	0	0	1	0	0	0
TTLL13	ENSG00000213471	ENST00000339615	protein_coding	0	0	0	3	0	0	0	0	0	0	2	0	0	0	0	0	1
TTLL13	ENSG00000213471	ENST00000438251	protein_coding	0	0	0	4	0	0	0	0	1	0	2	0	0	0	0	0	1
TULP4	ENSG00000130338	ENST00000367094	protein_coding	0	0	0	6	0	0	0	0	0	0	6	0	0	0	0	0	0
TULP4	ENSG00000130338	ENST00000367097	protein_coding	0	0	0	6	0	0	0	0	0	0	6	0	0	0	0	0	0
TYK2	ENSG00000105397	ENST00000264818	protein_coding	0	0	0	7	0	0	0	0	0	0	1	0	0	0	0	0	6
TYK2	ENSG00000105397	ENST00000524462	protein_coding	0	0	0	7	0	0	0	0	0	0	2	0	0	0	0	0	5
TYK2	ENSG00000105397	ENST00000525621	protein_coding	0	0	0	7	0	0	0	0	0	0	2	0	0	0	0	0	5
TYK2	ENSG00000105397	ENST00000529370	protein_coding	0	0	0	7	0	0	0	0	0	0	2	0	0	0	0	0	5
TYK2	ENSG00000105397	ENST00000530829	protein_coding	0	0	0	7	0	0	0	0	0	0	2	0	0	0	0	0	5
TYK2	ENSG00000105397	ENST00000531836	protein_coding	0	0	0	7	0	0	0	0	0	0	2	0	0	0	0	0	5
UBE2D2	ENSG00000131508	ENST00000511725	protein_coding	0	0	0	6	0	0	0	0	0	0	5	0	0	0	0	0	1
USP32	ENSG00000170832	ENST00000300896	protein_coding	0	0	0	10	0	0	0	0	0	0	10	0	0	0	0	0	0
USP32	ENSG00000170832	ENST00000393003	protein_coding	0	0	0	10	0	0	0	0	0	0	10	0	0	0	0	0	0
USP32	ENSG00000170832	ENST00000588898	protein_coding	0	0	0	3	0	0	0	0	2	0	1	0	0	0	0	0	0
USP32	ENSG00000170832	ENST00000589335	protein_coding	0	0	0	10	0	0	0	0	0	0	10	0	0	0	0	0	0
USP32	ENSG00000170832	ENST00000590133	protein_coding	0	0	0	10	0	0	0	0	0	0	10	0	0	0	0	0	0
VCP	ENSG00000165280	ENST00000358901	protein_coding	0	0	0	7	0	0	0	0	0	0	0	0	0	0	0	0	7
VCP	ENSG00000165280	ENST00000417448	protein_coding	0	0	0	6	0	0	0	0	0	0	0	0	0	0	0	0	6
VCP	ENSG00000165280	ENST00000448530	protein_coding	0	0	0	7	0	0	0	0	0	0	0	0	0	0	0	0	7
VPS9D1	ENSG00000075399	ENST00000389386	protein_coding	0	0	0	4	0	0	0	0	3	0	0	0	0	0	0	0	1
VPS9D1	ENSG00000075399	ENST00000561976	protein_coding	0	0	0	3	0	0	0	0	3	0	0	0	0	0	0	0	0
VPS9D1	ENSG00000075399	ENST00000565023	protein_coding	0	0	0	3	0	0	0	0	3	0	0	0	0	0	0	0	0
VRK2	ENSG00000028116	ENST00000417641	protein_coding	0	0	0	7	0	0	0	0	0	0	7	0	0	0	0	0	0
VRK2	ENSG00000028116	ENST00000435505	protein_coding	0	0	0	7	0	0	0	0	0	0	7	0	0	0	0	0	0
WT1	ENSG00000184937	ENST00000332351	protein_coding	0	0	0	5	0	0	0	0	0	0	5	0	0	0	0	0	0
WT1	ENSG00000184937	ENST00000379079	protein_coding	0	0	0	5	0	0	0	0	0	0	5	0	0	0	0	0	0
WT1	ENSG00000184937	ENST00000448076	protein_coding	0	0	0	5	0	0	0	0	0	0	5	0	0	0	0	0	0
WT1	ENSG00000184937	ENST00000452863	protein_coding	0	0	0	5	0	0	0	0	0	0	5	0	0	0	0	0	0
WT1	ENSG00000184937	ENST00000526685	protein_coding	0	0	0	1	0	0	0	0	1	0	0	0	0	0	0	0	0
WT1	ENSG00000184937	ENST00000527775	protein_coding	0	0	0	5	0	0	0	0	1	0	4	0	0	0	0	0	0
WT1	ENSG00000184937	ENST00000527882	protein_coding	0	0	0	5	0	0	0	0	0	0	5	0	0	0	0	0	0
WT1	ENSG00000184937	ENST00000530998	protein_coding	0	0	0	5	0	0	0	0	0	0	5	0	0	0	0	0	0
YIPF2	ENSG00000130733	ENST00000253031	protein_coding	0	0	0	3	1	0	0	0	2	0	0	0	0	0	0	0	0
YIPF2	ENSG00000130733	ENST00000585858	protein_coding	0	0	0	3	0	0	0	0	3	0	0	0	0	0	0	0	0
YIPF2	ENSG00000130733	ENST00000586575	protein_coding	0	0	0	3	0	0	0	0	3	0	0	0	0	0	0	0	0
YIPF2	ENSG00000130733	ENST00000586748	protein_coding	0	0	0	3	1	0	0	0	2	0	0	0	0	0	0	0	0
YIPF2	ENSG00000130733	ENST00000587943	protein_coding	0	0	0	3	0	0	0	0	3	0	0	0	0	0	0	0	0
YIPF2	ENSG00000130733	ENST00000588347	protein_coding	0	0	0	3	0	0	0	0	3	0	0	0	0	0	0	0	0
YIPF2	ENSG00000130733	ENST00000589971	protein_coding	0	0	0	3	1	0	0	0	2	0	0	0	0	0	0	0	0
YIPF2	ENSG00000130733	ENST00000590329	protein_coding	0	0	0	3	0	0	0	0	3	0	0	0	0	0	0	0	0
YIPF2	ENSG00000130733	ENST00000591872	protein_coding	0	0	0	3	0	0	0	0	3	0	0	0	0	0	0	0	0
YIPF2	ENSG00000130733	ENST00000592646	protein_coding	0	0	0	3	1	0	0	0	2	0	0	0	0	0	0	0	0
YIPF6	ENSG00000181704	ENST00000374622	protein_coding	0	0	0	2	0	0	0	0	0	0	1	0	0	0	0	0	1
YIPF6	ENSG00000181704	ENST00000451537	protein_coding	0	0	0	3	0	0	0	0	0	0	1	0	0	0	0	0	2
YIPF6	ENSG00000181704	ENST00000462683	protein_coding	0	0	0	3	0	0	0	0	0	0	1	0	0	0	0	0	2
ZBTB2	ENSG00000181472	ENST00000325144	protein_coding	0	0	0	8	0	0	0	0	0	0	4	0	0	0	0	0	4
ZC3H3	ENSG00000014164	ENST00000262577	protein_coding	0	0	0	5	0	0	0	0	5	0	0	0	0	0	0	0	0
ZNF276	ENSG00000158805	ENST00000289816	protein_coding	0	0	0	5	0	0	0	0	0	0	5	0	0	0	0	0	0
ZNF276	ENSG00000158805	ENST00000443381	protein_coding	0	0	0	5	0	0	0	0	0	0	5	0	0	0	0	0	0
ZNF276	ENSG00000158805	ENST00000446326	protein_coding	0	0	0	5	0	0	0	0	0	0	5	0	0	0	0	0	0
ZNF276	ENSG00000158805	ENST00000568064	protein_coding	0	0	0	5	0	0	0	0	0	0	5	0	0	0	0	0	0
ZNF33B	ENSG00000196693	ENST00000359467	protein_coding	0	0	0	18	0	0	0	0	0	0	18	0	0	0	0	0	0
ZNF398	ENSG00000197024	ENST00000335901	protein_coding	0	0	0	2	0	0	0	0	0	0	0	0	0	0	0	0	2
ZNF398	ENSG00000197024	ENST00000420008	protein_coding	0	0	0	2	0	0	0	0	0	0	2	0	0	0	0	0	0
ZNF398	ENSG00000197024	ENST00000426851	protein_coding	0	0	0	8	0	0	0	0	0	0	6	0	0	0	0	0	2
ZNF398	ENSG00000197024	ENST00000475153	protein_coding	0	0	0	2	0	0	0	0	0	0	2	0	0	0	0	0	0
ZNF398	ENSG00000197024	ENST00000483892	protein_coding	0	0	0	2	0	0	0	0	0	0	2	0	0	0	0	0	0
ZNF398	ENSG00000197024	ENST00000491174	protein_coding	0	0	0	2	0	0	0	0	0	0	2	0	0	0	0	0	0
ZNF398	ENSG00000197024	ENST00000540950	protein_coding	0	0	0	2	0	0	0	0	0	0	2	0	0	0	0	0	0
ZNF425	ENSG00000204947	ENST00000378061	protein_coding	0	1	1	6	0	0	0	0	0	0	6	1	0	0	0	1	0
ZNF425	ENSG00000204947	ENST00000483014	protein_coding	0	1	1	6	0	0	0	0	0	0	6	1	0	0	0	1	0
ZNF501	ENSG00000186446	ENST00000396048	protein_coding	0	0	0	2	0	0	0	0	0	0	2	0	0	0	0	0	0
ZNF598	ENSG00000167962	ENST00000431526	protein_coding	1	2	1	8	0	0	0	0	3	1	3	1	0	0	0	2	2
ZNF598	ENSG00000167962	ENST00000562103	protein_coding	1	2	1	8	0	0	0	0	3	1	3	1	0	0	0	2	2
ZNF598	ENSG00000167962	ENST00000563630	protein_coding	1	2	1	8	0	0	0	0	3	1	3	1	0	0	0	2	2
ZNF683	ENSG00000176083	ENST00000349618	protein_coding	0	0	0	2	0	0	0	0	0	0	2	0	0	0	0	0	0
ZNF683	ENSG00000176083	ENST00000374204	protein_coding	0	0	0	2	0	0	0	0	0	0	2	0	0	0	0	0	0
ZNF683	ENSG00000176083	ENST00000403843	protein_coding	0	0	0	2	0	0	0	0	0	0	2	0	0	0	0	0	0
ZNF683	ENSG00000176083	ENST00000416125	protein_coding	0	0	0	2	0	0	0	0	0	0	2	0	0	0	0	0	0
ZNF683	ENSG00000176083	ENST00000423508	protein_coding	0	0	0	2	0	0	0	0	0	0	2	0	0	0	0	0	0
ZNF683	ENSG00000176083	ENST00000436292	protein_coding	0	0	0	2	0	0	0	0	0	0	2	0	0	0	0	0	0
ZNF683	ENSG00000176083	ENST00000451801	protein_coding	0	0	0	2	0	0	0	0	0	0	1	0	0	0	0	0	1
ZNF683	ENSG00000176083	ENST00000453132	protein_coding	0	0	0	2	0	0	0	0	0	0	2	0	0	0	0	0	0
ZNF683	ENSG00000176083	ENST00000454975	protein_coding	0	0	0	2	0	0	0	0	0	0	1	0	0	0	0	0	1
ZNF683	ENSG00000176083	ENST00000455900	protein_coding	0	0	0	2	0	0	0	0	0	0	2	0	0	0	0	0	0
ZNRF3	ENSG00000183579	ENST00000332811	protein_coding	0	0	0	22	0	0	0	0	0	0	21	0	0	0	0	0	1
ZNRF3	ENSG00000183579	ENST00000544604	protein_coding	0	0	0	22	0	0	0	0	0	0	21	0	0	0	0	0	1
