# The following table is formatted as tab separated values. 
#GeneName	GeneId	TranscriptId	BioType	variants_impact_HIGH	variants_impact_LOW	variants_impact_MODERATE	variants_impact_MODIFIER	variants_effect_3_prime_UTR_variant	variants_effect_5_prime_UTR_premature_start_codon_gain_variant	variants_effect_5_prime_UTR_variant	variants_effect_downstream_gene_variant	variants_effect_frameshift_variant	variants_effect_intron_variant	variants_effect_missense_variant	variants_effect_splice_region_variant	variants_effect_start_retained_variant	variants_effect_stop_gained	variants_effect_synonymous_variant	variants_effect_upstream_gene_variant
AKT1	ENSG00000142208	ENST00000349310	protein_coding	0	0	0	1	0	0	0	0	0	1	0	0	0	0	0	0
AKT1	ENSG00000142208	ENST00000402615	protein_coding	0	0	0	1	0	0	0	0	0	1	0	0	0	0	0	0
AKT1	ENSG00000142208	ENST00000407796	protein_coding	0	0	0	1	0	0	0	0	0	1	0	0	0	0	0	0
AKT1	ENSG00000142208	ENST00000553797	protein_coding	0	0	0	1	0	0	0	0	0	1	0	0	0	0	0	0
AKT1	ENSG00000142208	ENST00000554581	protein_coding	0	0	0	1	0	0	0	0	0	1	0	0	0	0	0	0
AKT1	ENSG00000142208	ENST00000554848	protein_coding	0	0	0	1	0	0	0	0	0	1	0	0	0	0	0	0
AKT1	ENSG00000142208	ENST00000555528	protein_coding	0	0	0	1	0	0	0	0	0	1	0	0	0	0	0	0
AKT1	ENSG00000142208	ENST00000649815	protein_coding	0	0	0	1	0	0	0	0	0	1	0	0	0	0	0	0
AKT1	ENSG00000142208	ENST00000683722	protein_coding	0	0	0	1	0	0	0	0	0	1	0	0	0	0	0	0
APC	ENSG00000134982	ENST00000257430	protein_coding	1	0	1	0	0	0	0	0	0	0	1	0	0	1	0	0
APC	ENSG00000134982	ENST00000504915	protein_coding	0	0	0	1	0	0	0	1	0	0	0	0	0	0	0	0
APC	ENSG00000134982	ENST00000507379	protein_coding	1	0	1	0	0	0	0	0	0	0	1	0	0	1	0	0
APC	ENSG00000134982	ENST00000508376	protein_coding	1	0	1	0	0	0	0	0	0	0	1	0	0	1	0	0
APC	ENSG00000134982	ENST00000512211	protein_coding	1	0	1	0	0	0	0	0	0	0	1	0	0	1	0	0
AR	ENSG00000169083	ENST00000374690	protein_coding	0	0	1	6	1	0	0	0	0	5	1	0	0	0	0	0
AR	ENSG00000169083	ENST00000396044	protein_coding	0	0	1	6	0	0	0	1	0	5	1	0	0	0	0	0
AR	ENSG00000169083	ENST00000504326	protein_coding	0	0	1	3	0	0	0	2	0	1	1	0	0	0	0	0
ARAF	ENSG00000078061	ENST00000377039	protein_coding	0	0	0	1	1	0	0	0	0	0	0	0	0	0	0	0
ARAF	ENSG00000078061	ENST00000377045	protein_coding	0	0	0	1	0	0	0	0	0	1	0	0	0	0	0	0
ATM	ENSG00000149311	ENST00000452508	protein_coding	1	1	2	3	0	0	0	0	0	3	2	0	0	1	1	0
ATM	ENSG00000149311	ENST00000675843	protein_coding	1	1	2	3	0	0	0	0	0	3	2	0	0	1	1	0
ATR	ENSG00000175054	ENST00000350721	protein_coding	0	2	0	2	0	1	1	0	0	2	0	1	0	0	0	0
ATR	ENSG00000175054	ENST00000661310	protein_coding	0	2	0	2	0	1	1	0	0	2	0	1	0	0	0	0
AXIN2	ENSG00000168646	ENST00000307078	protein_coding	0	0	0	2	0	0	1	0	0	1	0	0	0	0	0	0
AXIN2	ENSG00000168646	ENST00000375702	protein_coding	0	0	0	2	0	0	1	0	0	1	0	0	0	0	0	0
AXIN2	ENSG00000168646	ENST00000544103	protein_coding	0	0	0	1	0	0	1	0	0	0	0	0	0	0	0	0
AXIN2	ENSG00000168646	ENST00000577278	protein_coding	0	0	0	1	0	0	1	0	0	0	0	0	0	0	0	0
AXIN2	ENSG00000168646	ENST00000580513	protein_coding	0	0	0	1	0	0	1	0	0	0	0	0	0	0	0	0
AXIN2	ENSG00000168646	ENST00000585045	protein_coding	0	0	0	1	0	0	1	0	0	0	0	0	0	0	0	0
AXIN2	ENSG00000168646	ENST00000618960	protein_coding	0	0	0	2	0	0	1	0	0	1	0	0	0	0	0	0
BAP1	ENSG00000163930	ENST00000296288	protein_coding	0	0	0	1	0	0	0	0	0	1	0	0	0	0	0	0
BAP1	ENSG00000163930	ENST00000460680	protein_coding	0	0	0	1	0	0	0	0	0	1	0	0	0	0	0	0
BAP1	ENSG00000163930	ENST00000469613	protein_coding	0	0	0	1	0	0	0	0	0	1	0	0	0	0	0	0
BAP1	ENSG00000163930	ENST00000470173	protein_coding	0	0	0	1	0	0	0	1	0	0	0	0	0	0	0	0
BAP1	ENSG00000163930	ENST00000478368	protein_coding	0	0	0	1	0	0	0	0	0	0	0	0	0	0	0	1
BAP1	ENSG00000163930	ENST00000615113	protein_coding	0	0	0	1	0	0	0	0	0	0	0	0	0	0	0	1
BARD1	ENSG00000138376	ENST00000260947	protein_coding	0	0	1	1	0	0	0	0	0	1	1	0	0	0	0	0
BARD1	ENSG00000138376	ENST00000421162	protein_coding	0	0	1	1	0	0	0	0	0	1	1	0	0	0	0	0
BARD1	ENSG00000138376	ENST00000432456	protein_coding	0	0	0	1	1	0	0	0	0	0	0	0	0	0	0	0
BARD1	ENSG00000138376	ENST00000613374	protein_coding	0	0	1	1	0	0	0	0	0	1	1	0	0	0	0	0
BARD1	ENSG00000138376	ENST00000613706	protein_coding	0	0	1	1	0	0	0	0	0	1	1	0	0	0	0	0
BARD1	ENSG00000138376	ENST00000617164	protein_coding	0	0	1	1	0	0	0	0	0	1	1	0	0	0	0	0
BARD1	ENSG00000138376	ENST00000619009	protein_coding	0	0	1	1	0	0	0	0	0	1	1	0	0	0	0	0
BARD1	ENSG00000138376	ENST00000620057	protein_coding	0	0	0	2	1	0	0	0	0	1	0	0	0	0	0	0
BLM	ENSG00000197299	ENST00000355112	protein_coding	0	0	0	1	0	0	0	0	0	1	0	0	0	0	0	0
BLM	ENSG00000197299	ENST00000560509	protein_coding	0	0	0	1	0	0	0	0	0	1	0	0	0	0	0	0
BLM	ENSG00000197299	ENST00000648453	protein_coding	0	0	0	1	0	0	0	0	0	1	0	0	0	0	0	0
BLM	ENSG00000197299	ENST00000680772	protein_coding	0	0	0	1	0	0	0	0	0	1	0	0	0	0	0	0
BLM	ENSG00000197299	ENST00000681142	protein_coding	0	0	0	1	0	0	0	0	0	1	0	0	0	0	0	0
BMPR1A	ENSG00000107779	ENST00000372037	protein_coding	0	0	0	2	0	0	0	0	0	2	0	0	0	0	0	0
BRAF	ENSG00000157764	ENST00000288602	protein_coding	0	0	0	3	0	0	0	0	0	3	0	0	0	0	0	0
BRAF	ENSG00000157764	ENST00000496384	protein_coding	0	0	0	3	0	0	0	0	0	3	0	0	0	0	0	0
BRAF	ENSG00000157764	ENST00000644969	protein_coding	0	0	0	3	0	0	0	0	0	3	0	0	0	0	0	0
BRAF	ENSG00000157764	ENST00000646891	protein_coding	0	0	0	3	0	0	0	0	0	3	0	0	0	0	0	0
BRCA1	ENSG00000012048	ENST00000352993	protein_coding	0	0	1	6	0	0	0	0	0	6	1	0	0	0	0	0
BRCA1	ENSG00000012048	ENST00000354071	protein_coding	0	0	3	0	0	0	0	0	0	0	3	0	0	0	0	0
BRCA1	ENSG00000012048	ENST00000357654	protein_coding	0	0	3	4	0	0	0	0	0	4	3	0	0	0	0	0
BRCA1	ENSG00000012048	ENST00000461574	protein_coding	0	0	0	6	0	0	0	0	0	3	0	0	0	0	0	3
BRCA1	ENSG00000012048	ENST00000468300	protein_coding	0	0	1	6	0	0	0	0	0	6	1	0	0	0	0	0
BRCA1	ENSG00000012048	ENST00000470026	protein_coding	0	0	1	2	0	0	0	2	0	0	1	0	0	0	0	0
BRCA1	ENSG00000012048	ENST00000471181	protein_coding	0	0	3	4	0	0	0	0	0	4	3	0	0	0	0	0
BRCA1	ENSG00000012048	ENST00000473961	protein_coding	0	0	0	3	0	0	0	2	0	1	0	0	0	0	0	0
BRCA1	ENSG00000012048	ENST00000476777	protein_coding	0	0	1	2	0	0	0	2	0	0	1	0	0	0	0	0
BRCA1	ENSG00000012048	ENST00000477152	protein_coding	0	0	1	2	0	0	0	2	0	0	1	0	0	0	0	0
BRCA1	ENSG00000012048	ENST00000478531	protein_coding	0	0	1	5	0	0	0	0	0	5	1	0	0	0	0	0
BRCA1	ENSG00000012048	ENST00000484087	protein_coding	0	0	0	6	0	0	0	0	0	6	0	0	0	0	0	0
BRCA1	ENSG00000012048	ENST00000487825	protein_coding	0	0	0	6	0	0	0	0	0	6	0	0	0	0	0	0
BRCA1	ENSG00000012048	ENST00000491747	protein_coding	0	0	1	6	0	0	0	0	0	6	1	0	0	0	0	0
BRCA1	ENSG00000012048	ENST00000493795	protein_coding	0	0	3	4	0	0	0	0	0	4	3	0	0	0	0	0
BRCA1	ENSG00000012048	ENST00000493919	protein_coding	0	0	1	5	0	0	0	0	0	5	1	0	0	0	0	0
BRCA1	ENSG00000012048	ENST00000494123	protein_coding	0	0	1	2	0	0	0	2	0	0	1	0	0	0	0	0
BRCA1	ENSG00000012048	ENST00000497488	protein_coding	0	0	0	3	0	0	0	2	0	1	0	0	0	0	0	0
BRCA1	ENSG00000012048	ENST00000586385	protein_coding	0	0	0	7	0	0	0	0	0	7	0	0	0	0	0	0
BRCA1	ENSG00000012048	ENST00000591534	protein_coding	0	0	0	7	0	0	0	0	0	7	0	0	0	0	0	0
BRCA1	ENSG00000012048	ENST00000591849	protein_coding	0	0	0	7	0	0	0	0	0	7	0	0	0	0	0	0
BRCA1	ENSG00000012048	ENST00000634433	protein_coding	0	0	1	2	0	0	0	1	0	1	1	0	0	0	0	0
BRCA1	ENSG00000012048	ENST00000644379	protein_coding	0	0	0	7	0	0	0	0	0	4	0	0	0	0	0	3
BRCA1	ENSG00000012048	ENST00000652672	protein_coding	0	0	1	2	0	0	0	2	0	0	1	0	0	0	0	0
BRCA2	ENSG00000139618	ENST00000380152	protein_coding	0	0	0	2	0	0	0	0	0	2	0	0	0	0	0	0
BRCA2	ENSG00000139618	ENST00000530893	protein_coding	0	0	0	2	0	0	0	0	0	2	0	0	0	0	0	0
BRCA2	ENSG00000139618	ENST00000544455	protein_coding	0	0	0	2	0	0	0	0	0	2	0	0	0	0	0	0
BRCA2	ENSG00000139618	ENST00000680887	protein_coding	0	0	0	2	0	0	0	0	0	2	0	0	0	0	0	0
BRIP1	ENSG00000136492	ENST00000259008	protein_coding	0	1	2	0	0	0	0	0	0	0	2	0	0	0	1	0
BRIP1	ENSG00000136492	ENST00000577598	protein_coding	0	1	2	0	0	0	0	0	0	0	2	0	0	0	1	0
BRIP1	ENSG00000136492	ENST00000577913	protein_coding	0	0	1	0	0	0	0	0	0	0	1	0	0	0	0	0
BRIP1	ENSG00000136492	ENST00000584322	protein_coding	0	1	1	0	0	0	0	0	0	0	1	0	0	0	1	0
BRIP1	ENSG00000136492	ENST00000682369	protein_coding	0	0	1	0	0	0	0	0	0	0	1	0	0	0	0	0
BRIP1	ENSG00000136492	ENST00000682453	protein_coding	0	1	2	0	0	0	0	0	0	0	2	0	0	0	1	0
BRIP1	ENSG00000136492	ENST00000682755	protein_coding	0	1	2	0	0	0	0	0	0	0	2	0	0	0	1	0
BRIP1	ENSG00000136492	ENST00000682989	protein_coding	0	1	1	1	0	0	0	0	0	1	1	0	0	0	1	0
BRIP1	ENSG00000136492	ENST00000683039	protein_coding	0	1	2	0	0	0	0	0	0	0	2	0	0	0	1	0
BRIP1	ENSG00000136492	ENST00000683381	protein_coding	0	1	1	0	0	0	0	0	0	0	1	0	0	0	1	0
BRIP1	ENSG00000136492	ENST00000683672	protein_coding	0	0	1	0	0	0	0	0	0	0	1	0	0	0	0	0
BRIP1	ENSG00000136492	ENST00000684584	protein_coding	0	1	0	1	0	0	0	0	0	1	0	0	0	0	1	0
C11orf65	ENSG00000166323	ENST00000524755	protein_coding	0	0	0	1	0	0	0	1	0	0	0	0	0	0	0	0
C11orf65	ENSG00000166323	ENST00000525729	protein_coding	0	0	0	3	0	0	0	0	0	3	0	0	0	0	0	0
C11orf65	ENSG00000166323	ENST00000615746	protein_coding	0	0	0	1	0	0	0	1	0	0	0	0	0	0	0	0
CDH1	ENSG00000039068	ENST00000261769	protein_coding	0	1	0	0	0	0	0	0	0	0	0	0	0	0	1	0
CDH1	ENSG00000039068	ENST00000422392	protein_coding	0	1	0	0	0	0	0	0	0	0	0	0	0	0	1	0
CDK12	ENSG00000167258	ENST00000430627	protein_coding	0	0	2	1	0	0	0	0	0	1	2	0	0	0	0	0
CDK12	ENSG00000167258	ENST00000447079	protein_coding	0	0	2	1	0	0	0	0	0	1	2	0	0	0	0	0
CDK12	ENSG00000167258	ENST00000584632	protein_coding	0	0	2	1	0	0	0	0	0	1	2	0	0	0	0	0
CDKN1A	ENSG00000124762	ENST00000244741	protein_coding	0	0	1	0	0	0	0	0	0	0	1	0	0	0	0	0
CDKN1A	ENSG00000124762	ENST00000373711	protein_coding	0	0	1	0	0	0	0	0	0	0	1	0	0	0	0	0
CDKN1A	ENSG00000124762	ENST00000405375	protein_coding	0	0	1	0	0	0	0	0	0	0	1	0	0	0	0	0
CDKN1A	ENSG00000124762	ENST00000448526	protein_coding	0	0	1	0	0	0	0	0	0	0	1	0	0	0	0	0
CDKN1A	ENSG00000124762	ENST00000615513	protein_coding	0	0	1	0	0	0	0	0	0	0	1	0	0	0	0	0
CDKN2A	ENSG00000147889	ENST00000304494	protein_coding	0	0	1	3	0	0	0	0	0	3	1	0	0	0	0	0
CDKN2A	ENSG00000147889	ENST00000479692	protein_coding	0	0	0	4	0	0	0	1	0	2	0	0	0	0	0	1
CDKN2A	ENSG00000147889	ENST00000494262	protein_coding	0	0	0	4	0	0	0	0	0	4	0	0	0	0	0	0
CDKN2A	ENSG00000147889	ENST00000497750	protein_coding	0	0	0	4	2	0	0	1	0	0	0	0	0	0	0	1
CDKN2A	ENSG00000147889	ENST00000498124	protein_coding	0	0	1	3	0	0	0	0	0	3	1	0	0	0	0	0
CDKN2A	ENSG00000147889	ENST00000498628	protein_coding	0	0	0	4	0	0	0	0	0	4	0	0	0	0	0	0
CDKN2A	ENSG00000147889	ENST00000530628	protein_coding	0	0	0	4	0	0	0	0	0	4	0	0	0	0	0	0
CDKN2A	ENSG00000147889	ENST00000578845	protein_coding	0	0	0	4	0	0	0	0	0	3	0	0	0	0	0	1
CDKN2A	ENSG00000147889	ENST00000579122	protein_coding	0	0	1	3	0	0	0	0	0	3	1	0	0	0	0	0
CDKN2A	ENSG00000147889	ENST00000579755	protein_coding	0	0	0	4	0	0	0	0	0	4	0	0	0	0	0	0
CHEK1	ENSG00000149554	ENST00000278916	protein_coding	0	0	0	1	0	0	0	0	0	1	0	0	0	0	0	0
CHEK1	ENSG00000149554	ENST00000427383	protein_coding	0	0	0	1	0	0	0	0	0	1	0	0	0	0	0	0
CHEK1	ENSG00000149554	ENST00000428830	protein_coding	0	0	0	1	0	0	0	0	0	1	0	0	0	0	0	0
CHEK1	ENSG00000149554	ENST00000438015	protein_coding	0	0	0	1	0	0	0	0	0	1	0	0	0	0	0	0
CHEK1	ENSG00000149554	ENST00000526937	protein_coding	0	0	0	1	0	0	0	1	0	0	0	0	0	0	0	0
CHEK1	ENSG00000149554	ENST00000527013	protein_coding	0	0	0	1	0	0	0	1	0	0	0	0	0	0	0	0
CHEK1	ENSG00000149554	ENST00000531607	protein_coding	0	0	0	1	0	0	0	1	0	0	0	0	0	0	0	0
CHEK1	ENSG00000149554	ENST00000532449	protein_coding	0	0	0	1	0	0	0	0	0	1	0	0	0	0	0	0
CHEK1	ENSG00000149554	ENST00000532669	protein_coding	0	0	0	1	0	0	0	0	0	1	0	0	0	0	0	0
CHEK1	ENSG00000149554	ENST00000534070	protein_coding	0	0	0	1	0	0	0	0	0	1	0	0	0	0	0	0
CHEK1	ENSG00000149554	ENST00000544373	protein_coding	0	0	0	1	0	0	0	0	0	1	0	0	0	0	0	0
CHEK2	ENSG00000183765	ENST00000348295	protein_coding	0	0	0	1	0	0	0	0	0	1	0	0	0	0	0	0
CHEK2	ENSG00000183765	ENST00000382580	protein_coding	0	0	0	1	0	0	0	0	0	1	0	0	0	0	0	0
CHEK2	ENSG00000183765	ENST00000402731	protein_coding	0	0	0	1	0	0	0	0	0	1	0	0	0	0	0	0
CHEK2	ENSG00000183765	ENST00000403642	protein_coding	0	0	0	1	0	0	0	0	0	1	0	0	0	0	0	0
CHEK2	ENSG00000183765	ENST00000404276	protein_coding	0	0	0	1	0	0	0	0	0	1	0	0	0	0	0	0
CHEK2	ENSG00000183765	ENST00000405598	protein_coding	0	0	0	1	0	0	0	0	0	1	0	0	0	0	0	0
CHEK2	ENSG00000183765	ENST00000425190	protein_coding	0	0	0	1	0	0	0	0	0	1	0	0	0	0	0	0
CHEK2	ENSG00000183765	ENST00000434810	protein_coding	0	0	0	1	0	0	0	0	0	0	0	0	0	0	0	1
CHEK2	ENSG00000183765	ENST00000439200	protein_coding	0	0	0	1	0	0	0	0	0	1	0	0	0	0	0	0
CHEK2	ENSG00000183765	ENST00000456369	protein_coding	0	0	0	1	0	0	0	0	0	0	0	0	0	0	0	1
CHEK2	ENSG00000183765	ENST00000464581	protein_coding	0	0	0	1	0	0	0	0	0	1	0	0	0	0	0	0
CHEK2	ENSG00000183765	ENST00000649563	protein_coding	0	0	0	1	0	0	0	0	0	1	0	0	0	0	0	0
CHEK2	ENSG00000183765	ENST00000650281	protein_coding	0	0	0	1	0	0	0	0	0	1	0	0	0	0	0	0
COL1A1	ENSG00000108821	ENST00000225964	protein_coding	0	0	0	1	0	0	0	0	0	1	0	0	0	0	0	0
COL1A1	ENSG00000108821	ENST00000507689	protein_coding	0	0	0	1	0	0	0	1	0	0	0	0	0	0	0	0
CTNNBL1	ENSG00000132792	ENST00000361383	protein_coding	0	0	0	1	0	0	0	0	0	1	0	0	0	0	0	0
CTNNBL1	ENSG00000132792	ENST00000373469	protein_coding	0	0	0	1	0	0	0	0	0	1	0	0	0	0	0	0
CTNNBL1	ENSG00000132792	ENST00000373473	protein_coding	0	0	0	1	0	0	0	0	0	1	0	0	0	0	0	0
CTNNBL1	ENSG00000132792	ENST00000405275	protein_coding	0	0	0	1	0	0	0	0	0	1	0	0	0	0	0	0
CTNNBL1	ENSG00000132792	ENST00000621317	protein_coding	0	0	0	1	0	0	0	0	0	1	0	0	0	0	0	0
CTNNBL1	ENSG00000132792	ENST00000628103	protein_coding	0	0	0	1	0	0	0	0	0	1	0	0	0	0	0	0
CYP17A1	ENSG00000148795	ENST00000369887	protein_coding	0	0	0	1	0	0	0	0	0	1	0	0	0	0	0	0
CYP17A1	ENSG00000148795	ENST00000638190	protein_coding	0	0	0	1	0	0	0	0	0	1	0	0	0	0	0	0
CYP17A1	ENSG00000148795	ENST00000638272	protein_coding	0	0	0	1	0	0	0	0	0	1	0	0	0	0	0	0
CYP17A1	ENSG00000148795	ENST00000638971	protein_coding	0	0	0	1	0	0	0	0	0	1	0	0	0	0	0	0
CYP17A1	ENSG00000148795	ENST00000639393	protein_coding	0	1	0	0	0	0	0	0	0	1	0	1	0	0	0	0
DDR2	ENSG00000162733	ENST00000367921	protein_coding	0	0	0	5	1	0	0	0	0	4	0	0	0	0	0	0
DDR2	ENSG00000162733	ENST00000367922	protein_coding	0	0	0	5	1	0	0	0	0	4	0	0	0	0	0	0
DDR2	ENSG00000162733	ENST00000415555	protein_coding	0	0	0	2	0	0	0	0	0	2	0	0	0	0	0	0
DDR2	ENSG00000162733	ENST00000446985	protein_coding	0	0	0	5	1	0	0	0	0	4	0	0	0	0	0	0
DDR2	ENSG00000162733	ENST00000671979	protein_coding	0	0	0	2	0	0	0	2	0	0	0	0	0	0	0	0
DICER1	ENSG00000100697	ENST00000343455	protein_coding	0	0	0	1	0	0	0	0	0	1	0	0	0	0	0	0
DICER1	ENSG00000100697	ENST00000393063	protein_coding	0	0	0	1	0	0	0	0	0	1	0	0	0	0	0	0
DICER1	ENSG00000100697	ENST00000526495	protein_coding	0	0	0	1	0	0	0	0	0	1	0	0	0	0	0	0
DICER1	ENSG00000100697	ENST00000527414	protein_coding	0	0	0	1	0	0	0	0	0	1	0	0	0	0	0	0
DICER1	ENSG00000100697	ENST00000529720	protein_coding	0	0	0	1	0	0	0	1	0	0	0	0	0	0	0	0
DICER1	ENSG00000100697	ENST00000531162	protein_coding	0	0	0	1	0	0	0	1	0	0	0	0	0	0	0	0
DICER1	ENSG00000100697	ENST00000532939	protein_coding	0	0	0	1	0	0	0	0	0	1	0	0	0	0	0	0
DICER1	ENSG00000100697	ENST00000541352	protein_coding	0	0	0	1	0	0	0	0	0	1	0	0	0	0	0	0
DICER1	ENSG00000100697	ENST00000674628	protein_coding	0	0	0	1	0	0	0	0	0	1	0	0	0	0	0	0
DIS3L2	ENSG00000144535	ENST00000273009	protein_coding	0	0	0	1	0	0	0	0	0	1	0	0	0	0	0	0
DIS3L2	ENSG00000144535	ENST00000325385	protein_coding	0	0	0	1	0	0	0	0	0	1	0	0	0	0	0	0
DIS3L2	ENSG00000144535	ENST00000409401	protein_coding	0	0	0	1	0	0	0	0	0	1	0	0	0	0	0	0
DIS3L2	ENSG00000144535	ENST00000441279	protein_coding	0	0	0	1	0	0	0	0	0	1	0	0	0	0	0	0
DNAH1	ENSG00000114841	ENST00000420323	protein_coding	0	0	0	1	0	0	0	1	0	0	0	0	0	0	0	0
DNAH8	ENSG00000124721	ENST00000327475	protein_coding	0	0	0	2	0	0	0	0	0	2	0	0	0	0	0	0
DNAH8	ENSG00000124721	ENST00000359357	protein_coding	0	0	0	2	0	0	0	0	0	2	0	0	0	0	0	0
DNAH8	ENSG00000124721	ENST00000449981	protein_coding	0	0	0	2	0	0	0	0	0	2	0	0	0	0	0	0
DPYD	ENSG00000188641	ENST00000370192	protein_coding	0	0	1	0	0	0	0	0	0	0	1	0	0	0	0	0
EGFR	ENSG00000146648	ENST00000275493	protein_coding	0	2	0	5	0	0	0	0	0	7	0	2	0	0	0	0
EGFR	ENSG00000146648	ENST00000342916	protein_coding	0	0	0	2	0	0	0	0	0	2	0	0	0	0	0	0
EGFR	ENSG00000146648	ENST00000344576	protein_coding	0	0	0	2	0	0	0	0	0	2	0	0	0	0	0	0
EGFR	ENSG00000146648	ENST00000420316	protein_coding	0	0	0	2	0	0	0	1	0	1	0	0	0	0	0	0
EGFR	ENSG00000146648	ENST00000450046	protein_coding	0	0	0	1	0	0	0	0	0	1	0	0	0	0	0	0
EGFR	ENSG00000146648	ENST00000454757	protein_coding	0	2	0	5	0	0	0	0	0	7	0	2	0	0	0	0
EGFR	ENSG00000146648	ENST00000455089	protein_coding	0	1	0	6	0	0	0	1	0	6	0	1	0	0	0	0
EMSY	ENSG00000158636	ENST00000334736	protein_coding	0	0	0	1	0	0	0	0	0	1	0	0	0	0	0	0
EMSY	ENSG00000158636	ENST00000524451	protein_coding	0	0	0	1	0	0	0	0	0	0	0	0	0	0	0	1
EMSY	ENSG00000158636	ENST00000524490	protein_coding	0	0	0	1	0	0	0	0	0	1	0	0	0	0	0	0
EMSY	ENSG00000158636	ENST00000524767	protein_coding	0	0	0	1	0	0	0	0	0	1	0	0	0	0	0	0
EMSY	ENSG00000158636	ENST00000525038	protein_coding	0	0	0	1	0	0	0	0	0	1	0	0	0	0	0	0
EMSY	ENSG00000158636	ENST00000525919	protein_coding	0	0	0	1	0	0	0	0	0	1	0	0	0	0	0	0
EMSY	ENSG00000158636	ENST00000529032	protein_coding	0	0	0	1	0	0	0	0	0	1	0	0	0	0	0	0
EMSY	ENSG00000158636	ENST00000533248	protein_coding	0	0	0	1	0	0	0	0	0	1	0	0	0	0	0	0
ENSG00000282218	ENSG00000282218	ENST00000467125	protein_coding	0	0	0	5	0	0	0	1	0	4	0	0	0	0	0	0
ENSG00000282278	ENSG00000282278	ENST00000507166	protein_coding	0	1	0	0	0	0	0	0	0	0	0	0	0	0	1	0
ENSG00000283782	ENSG00000283782	ENST00000638452	protein_coding	0	0	0	1	0	0	0	0	0	1	0	0	0	0	0	0
ENSG00000283782	ENSG00000283782	ENST00000638568	protein_coding	0	0	0	1	0	0	0	0	0	1	0	0	0	0	0	0
ENSG00000283782	ENSG00000283782	ENST00000640655	protein_coding	0	0	0	1	0	0	0	0	0	1	0	0	0	0	0	0
ENSG00000286131	ENSG00000286131	ENST00000652575	protein_coding	0	0	0	2	0	0	0	1	0	0	0	0	0	0	0	1
EPCAM	ENSG00000119888	ENST00000263735	protein_coding	0	0	0	1	0	0	0	0	0	1	0	0	0	0	0	0
EPCAM	ENSG00000119888	ENST00000405271	protein_coding	0	0	0	1	0	0	0	0	0	1	0	0	0	0	0	0
EPCAM	ENSG00000119888	ENST00000419334	protein_coding	0	0	0	1	0	0	0	1	0	0	0	0	0	0	0	0
ERBB2	ENSG00000141736	ENST00000269571	protein_coding	0	2	0	2	0	0	0	0	0	1	0	0	0	0	2	1
ERBB2	ENSG00000141736	ENST00000406381	protein_coding	0	2	0	2	0	0	0	0	0	2	0	0	0	0	2	0
ERBB2	ENSG00000141736	ENST00000445658	protein_coding	0	2	0	2	0	0	0	0	0	1	0	0	0	0	2	1
ERBB2	ENSG00000141736	ENST00000541774	protein_coding	0	2	0	2	0	0	0	0	0	1	0	0	0	0	2	1
ERBB2	ENSG00000141736	ENST00000578199	protein_coding	0	0	0	2	0	0	0	0	0	2	0	0	0	0	0	0
ERBB2	ENSG00000141736	ENST00000578709	protein_coding	0	0	0	2	0	0	0	0	0	0	0	0	0	0	0	2
ERBB2	ENSG00000141736	ENST00000580074	protein_coding	0	1	0	1	0	0	0	1	0	0	0	0	0	0	1	0
ERBB2	ENSG00000141736	ENST00000582818	protein_coding	0	0	0	2	0	0	0	2	0	0	0	0	0	0	0	0
ERBB2	ENSG00000141736	ENST00000584450	protein_coding	0	1	0	3	1	0	0	0	0	1	0	0	0	0	1	1
ERBB2	ENSG00000141736	ENST00000584601	protein_coding	0	2	0	2	0	0	0	0	0	2	0	0	0	0	2	0
ERBB4	ENSG00000178568	ENST00000260943	protein_coding	0	1	0	1	0	0	0	0	0	2	0	1	0	0	0	0
ERBB4	ENSG00000178568	ENST00000342788	protein_coding	0	1	0	1	0	0	0	0	0	2	0	1	0	0	0	0
ERBB4	ENSG00000178568	ENST00000402597	protein_coding	0	1	0	1	0	0	0	0	0	2	0	1	0	0	0	0
ERBB4	ENSG00000178568	ENST00000436443	protein_coding	0	1	0	1	0	0	0	0	0	2	0	1	0	0	0	0
ERCC3	ENSG00000163161	ENST00000285398	protein_coding	0	0	1	0	0	0	0	0	0	0	1	0	0	0	0	0
ERCC3	ENSG00000163161	ENST00000456257	protein_coding	0	0	0	1	0	0	0	0	0	0	0	0	0	0	0	1
ERCC3	ENSG00000163161	ENST00000647169	protein_coding	0	0	1	0	0	0	0	0	0	0	1	0	0	0	0	0
ERCC3	ENSG00000163161	ENST00000647496	protein_coding	0	0	0	1	0	0	0	0	0	0	0	0	0	0	0	1
ERCC4	ENSG00000175595	ENST00000311895	protein_coding	0	0	2	0	0	0	0	0	0	0	2	0	0	0	0	0
ERCC4	ENSG00000175595	ENST00000575156	protein_coding	0	0	1	0	0	0	0	0	0	0	1	0	0	0	0	0
ERCC4	ENSG00000175595	ENST00000682617	protein_coding	0	0	2	0	0	0	0	0	0	0	2	0	0	0	0	0
ERCC6	ENSG00000225830	ENST00000355832	protein_coding	0	0	0	2	0	0	0	0	0	2	0	0	0	0	0	0
ERCC6	ENSG00000225830	ENST00000447839	protein_coding	0	0	2	0	0	0	0	0	0	0	2	0	0	0	0	0
ERCC6	ENSG00000225830	ENST00000515869	protein_coding	0	0	2	0	0	0	0	0	0	0	2	0	0	0	0	0
ERCC6	ENSG00000225830	ENST00000680107	protein_coding	0	0	0	2	2	0	0	0	0	0	0	0	0	0	0	0
ERCC6	ENSG00000225830	ENST00000681659	protein_coding	0	0	0	2	0	0	0	0	0	2	0	0	0	0	0	0
ERG	ENSG00000157554	ENST00000288319	protein_coding	0	0	1	0	0	0	0	0	0	0	1	0	0	0	0	0
ERG	ENSG00000157554	ENST00000398897	protein_coding	0	0	0	1	0	0	1	0	0	0	0	0	0	0	0	0
ERG	ENSG00000157554	ENST00000398905	protein_coding	0	0	1	0	0	0	0	0	0	0	1	0	0	0	0	0
ERG	ENSG00000157554	ENST00000398907	protein_coding	0	0	1	0	0	0	0	0	0	0	1	0	0	0	0	0
ERG	ENSG00000157554	ENST00000398910	protein_coding	0	0	1	0	0	0	0	0	0	0	1	0	0	0	0	0
ERG	ENSG00000157554	ENST00000398911	protein_coding	0	0	1	0	0	0	0	0	0	0	1	0	0	0	0	0
ERG	ENSG00000157554	ENST00000398919	protein_coding	0	0	1	0	0	0	0	0	0	0	1	0	0	0	0	0
ERG	ENSG00000157554	ENST00000417133	protein_coding	0	0	1	0	0	0	0	0	0	0	1	0	0	0	0	0
ERG	ENSG00000157554	ENST00000442448	protein_coding	0	0	1	0	0	0	0	0	0	0	1	0	0	0	0	0
ERG	ENSG00000157554	ENST00000453032	protein_coding	0	0	0	1	0	0	1	0	0	0	0	0	0	0	0	0
ESR1	ENSG00000091831	ENST00000206249	protein_coding	0	0	0	8	0	0	0	0	0	7	0	0	0	0	0	1
ESR1	ENSG00000091831	ENST00000338799	protein_coding	0	0	0	8	0	0	0	0	0	8	0	0	0	0	0	0
ESR1	ENSG00000091831	ENST00000404742	protein_coding	0	0	0	10	0	0	0	0	0	10	0	0	0	0	0	0
ESR1	ENSG00000091831	ENST00000406599	protein_coding	0	0	0	8	0	0	0	0	0	7	0	0	0	0	0	1
ESR1	ENSG00000091831	ENST00000415488	protein_coding	0	0	0	7	0	0	0	0	0	7	0	0	0	0	0	0
ESR1	ENSG00000091831	ENST00000427531	protein_coding	0	0	0	8	0	0	0	0	0	7	0	0	0	0	0	1
ESR1	ENSG00000091831	ENST00000440973	protein_coding	0	0	0	17	0	0	0	0	0	17	0	0	0	0	0	0
ESR1	ENSG00000091831	ENST00000443427	protein_coding	0	0	0	8	0	0	0	0	0	7	0	0	0	0	0	1
ESR1	ENSG00000091831	ENST00000446550	protein_coding	0	0	0	1	0	0	0	0	0	0	0	0	0	0	0	1
ESR1	ENSG00000091831	ENST00000456483	protein_coding	0	0	0	8	0	0	0	0	0	7	0	0	0	0	0	1
ETV6	ENSG00000139083	ENST00000266427	protein_coding	0	0	0	2	0	0	0	0	0	0	0	0	0	0	0	2
ETV6	ENSG00000139083	ENST00000396373	protein_coding	0	0	0	4	0	0	0	0	0	4	0	0	0	0	0	0
ETV6	ENSG00000139083	ENST00000545027	protein_coding	0	0	0	1	0	0	0	0	0	0	0	0	0	0	0	1
EZH2	ENSG00000106462	ENST00000320356	protein_coding	0	0	0	1	0	0	0	0	0	1	0	0	0	0	0	0
EZH2	ENSG00000106462	ENST00000350995	protein_coding	0	0	0	1	0	0	0	0	0	1	0	0	0	0	0	0
EZH2	ENSG00000106462	ENST00000460911	protein_coding	0	0	0	1	0	0	0	0	0	1	0	0	0	0	0	0
EZH2	ENSG00000106462	ENST00000476773	protein_coding	0	0	0	1	0	0	0	0	0	1	0	0	0	0	0	0
EZH2	ENSG00000106462	ENST00000478654	protein_coding	0	0	0	1	0	0	0	0	0	1	0	0	0	0	0	0
EZH2	ENSG00000106462	ENST00000483967	protein_coding	0	0	0	1	0	0	0	0	0	1	0	0	0	0	0	0
FANCA	ENSG00000187741	ENST00000389301	protein_coding	0	0	0	2	0	0	0	0	0	2	0	0	0	0	0	0
FANCA	ENSG00000187741	ENST00000389302	protein_coding	0	0	0	1	0	0	0	0	0	1	0	0	0	0	0	0
FANCA	ENSG00000187741	ENST00000534992	protein_coding	0	0	0	1	0	0	0	0	0	1	0	0	0	0	0	0
FANCA	ENSG00000187741	ENST00000543736	protein_coding	0	0	0	1	0	0	0	0	0	1	0	0	0	0	0	0
FANCA	ENSG00000187741	ENST00000563673	protein_coding	0	0	0	1	0	0	0	0	0	1	0	0	0	0	0	0
FANCA	ENSG00000187741	ENST00000568369	protein_coding	0	0	0	2	0	0	0	0	0	2	0	0	0	0	0	0
FANCB	ENSG00000181544	ENST00000324138	protein_coding	0	0	1	1	0	0	0	0	0	1	1	0	0	0	0	0
FANCB	ENSG00000181544	ENST00000398334	protein_coding	0	0	1	1	0	0	0	0	0	1	1	0	0	0	0	0
FANCB	ENSG00000181544	ENST00000452869	protein_coding	0	0	1	1	0	0	0	0	0	1	1	0	0	0	0	0
FANCB	ENSG00000181544	ENST00000650831	protein_coding	0	0	1	1	0	0	0	0	0	1	1	0	0	0	0	0
FANCC	ENSG00000158169	ENST00000289081	protein_coding	0	1	0	1	0	0	0	0	0	1	0	0	0	0	1	0
FANCC	ENSG00000158169	ENST00000375305	protein_coding	0	1	0	1	0	0	0	0	0	1	0	0	0	0	1	0
FANCC	ENSG00000158169	ENST00000490972	protein_coding	0	1	0	1	0	0	0	0	0	1	0	0	0	0	1	0
FANCD2	ENSG00000144554	ENST00000287647	protein_coding	0	0	1	2	0	0	0	0	0	2	1	0	0	0	0	0
FANCD2	ENSG00000144554	ENST00000419585	protein_coding	0	0	1	2	0	0	0	0	0	2	1	0	0	0	0	0
FANCD2	ENSG00000144554	ENST00000431693	protein_coding	0	0	0	1	1	0	0	0	0	0	0	0	0	0	0	0
FANCD2	ENSG00000144554	ENST00000675286	protein_coding	0	0	1	2	0	0	0	0	0	2	1	0	0	0	0	0
FANCD2	ENSG00000144554	ENST00000676013	protein_coding	0	0	1	2	0	0	0	0	0	2	1	0	0	0	0	0
FANCD2OS	ENSG00000163705	ENST00000524279	protein_coding	0	0	0	1	0	0	0	0	0	1	0	0	0	0	0	0
FANCE	ENSG00000112039	ENST00000229769	protein_coding	0	1	0	1	0	0	0	0	0	1	0	0	0	0	1	0
FANCI	ENSG00000140525	ENST00000300027	protein_coding	0	0	0	2	0	0	0	0	0	2	0	0	0	0	0	0
FANCI	ENSG00000140525	ENST00000310775	protein_coding	0	0	0	2	0	0	0	0	0	2	0	0	0	0	0	0
FANCI	ENSG00000140525	ENST00000561894	protein_coding	0	0	0	2	0	0	0	0	0	2	0	0	0	0	0	0
FANCI	ENSG00000140525	ENST00000674831	protein_coding	0	0	0	2	0	0	0	0	0	2	0	0	0	0	0	0
FANCI	ENSG00000140525	ENST00000676003	protein_coding	0	0	0	2	0	0	0	0	0	2	0	0	0	0	0	0
FBXW7	ENSG00000109670	ENST00000281708	protein_coding	0	0	0	1	0	0	0	0	0	1	0	0	0	0	0	0
FBXW7	ENSG00000109670	ENST00000296555	protein_coding	0	0	0	1	0	0	0	0	0	1	0	0	0	0	0	0
FBXW7	ENSG00000109670	ENST00000603548	protein_coding	0	0	0	1	0	0	0	0	0	1	0	0	0	0	0	0
FBXW7	ENSG00000109670	ENST00000603841	protein_coding	0	0	0	1	0	0	0	0	0	1	0	0	0	0	0	0
FGFR2	ENSG00000066468	ENST00000336553	protein_coding	0	1	0	5	0	1	1	2	0	2	0	0	0	0	0	0
FGFR2	ENSG00000066468	ENST00000346997	protein_coding	0	0	0	5	0	0	0	1	0	2	0	0	0	0	0	2
FGFR2	ENSG00000066468	ENST00000351936	protein_coding	0	0	0	5	1	0	0	0	0	2	0	0	0	0	0	2
FGFR2	ENSG00000066468	ENST00000356226	protein_coding	0	1	0	5	1	1	1	0	0	3	0	0	0	0	0	0
FGFR2	ENSG00000066468	ENST00000357555	protein_coding	0	0	0	5	0	0	0	0	0	3	0	0	0	0	0	2
FGFR2	ENSG00000066468	ENST00000358487	protein_coding	0	1	0	5	1	1	1	0	0	3	0	0	0	0	0	0
FGFR2	ENSG00000066468	ENST00000359354	protein_coding	0	1	0	2	0	1	1	0	0	1	0	0	0	0	0	0
FGFR2	ENSG00000066468	ENST00000360144	protein_coding	0	1	0	5	0	1	1	2	0	2	0	0	0	0	0	0
FGFR2	ENSG00000066468	ENST00000369056	protein_coding	0	0	0	5	0	0	0	2	0	1	0	0	0	0	0	2
FGFR2	ENSG00000066468	ENST00000369058	protein_coding	0	0	0	5	0	0	0	2	0	2	0	0	0	0	0	1
FGFR2	ENSG00000066468	ENST00000369059	protein_coding	0	1	0	5	1	1	1	0	0	3	0	0	0	0	0	0
FGFR2	ENSG00000066468	ENST00000369060	protein_coding	0	1	0	5	1	1	1	0	0	3	0	0	0	0	0	0
FGFR2	ENSG00000066468	ENST00000369061	protein_coding	0	0	0	5	1	0	0	0	0	2	0	0	0	0	0	2
FGFR2	ENSG00000066468	ENST00000429361	protein_coding	0	0	0	3	0	0	0	1	0	2	0	0	0	0	0	0
FGFR2	ENSG00000066468	ENST00000457416	protein_coding	0	1	0	5	0	1	1	1	0	3	0	0	0	0	0	0
FGFR2	ENSG00000066468	ENST00000478859	protein_coding	0	0	0	3	1	0	0	0	0	2	0	0	0	0	0	0
FGFR2	ENSG00000066468	ENST00000611527	protein_coding	0	0	0	2	0	0	0	0	0	0	0	0	0	0	0	2
FGFR2	ENSG00000066468	ENST00000613048	protein_coding	0	1	0	5	1	1	1	0	0	3	0	0	0	0	0	0
FGFR2	ENSG00000066468	ENST00000613324	protein_coding	0	0	0	2	0	0	0	0	0	0	0	0	0	0	0	2
FGFR2	ENSG00000066468	ENST00000638709	protein_coding	0	0	0	3	1	0	0	0	0	2	0	0	0	0	0	0
FGFR2	ENSG00000066468	ENST00000682550	protein_coding	0	0	0	5	1	0	0	0	0	2	0	0	0	0	0	2
FGFR2	ENSG00000066468	ENST00000682772	protein_coding	0	0	0	3	1	0	0	0	0	2	0	0	0	0	0	0
FGFR2	ENSG00000066468	ENST00000683035	protein_coding	0	0	0	2	0	0	0	0	0	0	0	0	0	0	0	2
FGFR2	ENSG00000066468	ENST00000683211	protein_coding	0	0	0	5	1	0	0	0	0	2	0	0	0	0	0	2
FGFR2	ENSG00000066468	ENST00000684153	protein_coding	0	1	0	5	1	1	1	0	0	3	0	0	0	0	0	0
FGFR4	ENSG00000160867	ENST00000292408	protein_coding	0	0	0	1	0	0	0	0	0	1	0	0	0	0	0	0
FGFR4	ENSG00000160867	ENST00000393637	protein_coding	0	0	0	1	0	0	0	0	0	1	0	0	0	0	0	0
FGFR4	ENSG00000160867	ENST00000393648	protein_coding	0	0	0	1	0	0	0	0	0	1	0	0	0	0	0	0
FGFR4	ENSG00000160867	ENST00000502906	protein_coding	0	0	0	1	0	0	0	0	0	1	0	0	0	0	0	0
FGFR4	ENSG00000160867	ENST00000503708	protein_coding	0	0	0	1	0	0	0	0	0	1	0	0	0	0	0	0
FGFR4	ENSG00000160867	ENST00000510911	protein_coding	0	0	0	1	0	0	0	1	0	0	0	0	0	0	0	0
FGFR4	ENSG00000160867	ENST00000511076	protein_coding	0	0	0	1	0	0	0	0	0	0	0	0	0	0	0	1
FGFR4	ENSG00000160867	ENST00000513166	protein_coding	0	0	0	1	0	0	0	1	0	0	0	0	0	0	0	0
FGFR4	ENSG00000160867	ENST00000514472	protein_coding	0	0	0	1	0	0	0	1	0	0	0	0	0	0	0	0
FLCN	ENSG00000154803	ENST00000285071	protein_coding	0	0	0	1	0	0	0	0	0	1	0	0	0	0	0	0
FLCN	ENSG00000154803	ENST00000389169	protein_coding	0	0	0	1	0	0	0	0	0	1	0	0	0	0	0	0
FLCN	ENSG00000154803	ENST00000417064	protein_coding	0	0	0	1	0	0	0	0	0	1	0	0	0	0	0	0
FLCN	ENSG00000154803	ENST00000461699	protein_coding	0	0	0	1	0	0	0	1	0	0	0	0	0	0	0	0
FLI1	ENSG00000151702	ENST00000281428	protein_coding	0	0	0	2	0	0	0	0	0	2	0	0	0	0	0	0
FLI1	ENSG00000151702	ENST00000344954	protein_coding	0	0	0	2	0	0	0	0	0	2	0	0	0	0	0	0
FLI1	ENSG00000151702	ENST00000527786	protein_coding	0	0	0	2	0	0	0	0	0	2	0	0	0	0	0	0
FLI1	ENSG00000151702	ENST00000534087	protein_coding	0	0	0	2	0	0	0	0	0	2	0	0	0	0	0	0
FLT3	ENSG00000122025	ENST00000241453	protein_coding	0	0	0	1	0	0	0	0	0	1	0	0	0	0	0	0
FUS	ENSG00000089280	ENST00000254108	protein_coding	0	1	0	3	0	1	1	0	0	2	0	0	0	0	0	0
FUS	ENSG00000089280	ENST00000380244	protein_coding	0	1	0	3	0	1	1	0	0	2	0	0	0	0	0	0
FUS	ENSG00000089280	ENST00000568685	protein_coding	0	1	0	3	0	1	1	0	0	2	0	0	0	0	0	0
GNA11	ENSG00000088256	ENST00000078429	protein_coding	0	1	0	1	0	0	0	0	0	2	0	1	0	0	0	0
GNA11	ENSG00000088256	ENST00000587636	protein_coding	0	1	0	1	0	0	0	0	0	1	0	1	0	0	0	1
GNA11	ENSG00000088256	ENST00000588401	protein_coding	0	0	0	2	0	0	0	1	0	0	0	0	0	0	0	1
GNAQ	ENSG00000156052	ENST00000286548	protein_coding	0	1	0	1	0	0	0	0	0	2	0	1	0	0	0	0
GNAQ	ENSG00000156052	ENST00000411677	protein_coding	0	1	0	0	0	0	0	0	0	1	0	1	0	0	0	0
GNAS	ENSG00000087460	ENST00000265620	protein_coding	0	1	0	0	0	0	0	0	0	0	0	0	0	0	1	0
GNAS	ENSG00000087460	ENST00000306090	protein_coding	0	1	0	2	0	0	0	0	0	0	0	0	0	0	1	2
GNAS	ENSG00000087460	ENST00000313949	protein_coding	0	1	1	1	1	0	0	0	0	0	1	0	0	0	1	0
GNAS	ENSG00000087460	ENST00000349036	protein_coding	0	1	0	0	0	0	0	0	0	0	0	0	0	0	1	0
GNAS	ENSG00000087460	ENST00000354359	protein_coding	0	1	0	0	0	0	0	0	0	0	0	0	0	0	1	0
GNAS	ENSG00000087460	ENST00000371075	protein_coding	0	1	1	1	1	0	0	0	0	0	1	0	0	0	1	0
GNAS	ENSG00000087460	ENST00000371085	protein_coding	0	1	0	0	0	0	0	0	0	0	0	0	0	0	1	0
GNAS	ENSG00000087460	ENST00000371095	protein_coding	0	1	0	0	0	0	0	0	0	0	0	0	0	0	1	0
GNAS	ENSG00000087460	ENST00000371098	protein_coding	0	1	1	0	0	0	0	0	0	0	1	0	0	0	1	0
GNAS	ENSG00000087460	ENST00000371100	protein_coding	0	1	0	0	0	0	0	0	0	0	0	0	0	0	1	0
GNAS	ENSG00000087460	ENST00000371102	protein_coding	0	1	0	0	0	0	0	0	0	0	0	0	0	0	1	0
GNAS	ENSG00000087460	ENST00000419558	protein_coding	0	1	1	1	1	0	0	0	0	0	1	0	0	0	1	0
GNAS	ENSG00000087460	ENST00000453292	protein_coding	0	1	1	1	1	0	0	0	0	0	1	0	0	0	1	0
GNAS	ENSG00000087460	ENST00000462499	protein_coding	0	1	0	2	0	0	0	0	0	0	0	0	0	0	1	2
GNAS	ENSG00000087460	ENST00000464788	protein_coding	0	1	0	0	0	0	0	0	0	0	0	0	0	0	1	0
GNAS	ENSG00000087460	ENST00000467227	protein_coding	0	1	0	2	0	0	0	0	0	0	0	0	0	0	1	2
GNAS	ENSG00000087460	ENST00000467321	protein_coding	0	1	0	0	0	0	0	0	0	0	0	0	0	0	1	0
GNAS	ENSG00000087460	ENST00000468895	protein_coding	0	1	0	0	0	0	0	0	0	0	0	0	0	0	1	0
GNAS	ENSG00000087460	ENST00000469431	protein_coding	0	1	0	0	0	0	0	0	0	0	0	0	0	0	1	0
GNAS	ENSG00000087460	ENST00000470512	protein_coding	0	1	0	0	0	0	0	0	0	0	0	0	0	0	1	0
GNAS	ENSG00000087460	ENST00000472183	protein_coding	0	1	0	2	0	0	0	0	0	0	0	0	0	0	1	2
GNAS	ENSG00000087460	ENST00000476935	protein_coding	0	1	0	0	0	0	0	0	0	0	0	0	0	0	1	0
GNAS	ENSG00000087460	ENST00000477931	protein_coding	0	1	0	0	0	0	0	0	0	0	0	0	0	0	1	0
GNAS	ENSG00000087460	ENST00000478585	protein_coding	0	1	0	0	0	0	0	0	0	0	0	0	0	0	1	0
GNAS	ENSG00000087460	ENST00000480232	protein_coding	0	1	0	0	0	0	0	0	0	0	0	0	0	0	1	0
GNAS	ENSG00000087460	ENST00000480975	protein_coding	0	1	0	0	0	0	0	0	0	0	0	0	0	0	1	0
GNAS	ENSG00000087460	ENST00000481039	protein_coding	0	1	0	0	0	0	0	0	0	0	0	0	0	0	1	0
GNAS	ENSG00000087460	ENST00000482112	protein_coding	0	1	0	2	0	0	0	0	0	0	0	0	0	0	1	2
GNAS	ENSG00000087460	ENST00000485673	protein_coding	0	1	0	0	0	0	0	0	0	0	0	0	0	0	1	0
GNAS	ENSG00000087460	ENST00000488546	protein_coding	0	1	0	0	0	0	0	0	0	0	0	0	0	0	1	0
GNAS	ENSG00000087460	ENST00000488652	protein_coding	0	1	0	0	0	0	0	0	0	0	0	0	0	0	1	0
GNAS	ENSG00000087460	ENST00000491348	protein_coding	0	0	0	2	0	0	0	0	0	0	0	0	0	0	0	2
GNAS	ENSG00000087460	ENST00000492907	protein_coding	0	1	0	0	0	0	0	0	0	0	0	0	0	0	1	0
GNAS	ENSG00000087460	ENST00000493744	protein_coding	0	0	0	2	0	0	0	0	0	0	0	0	0	0	0	2
GNAS	ENSG00000087460	ENST00000603546	protein_coding	0	1	0	0	0	0	0	0	0	0	0	0	0	0	1	0
GNAS	ENSG00000087460	ENST00000604005	protein_coding	0	1	0	0	0	0	0	0	0	0	0	0	0	0	1	0
GNAS	ENSG00000087460	ENST00000656419	protein_coding	0	1	0	0	0	0	0	0	0	0	0	0	0	0	1	0
GNAS	ENSG00000087460	ENST00000657090	protein_coding	0	1	0	2	0	0	0	0	0	2	0	0	0	0	1	0
GNAS	ENSG00000087460	ENST00000663479	protein_coding	0	1	0	2	0	0	0	0	0	0	0	0	0	0	1	2
GNAS	ENSG00000087460	ENST00000667293	protein_coding	0	1	0	0	0	0	0	0	0	0	0	0	0	0	1	0
GNAS	ENSG00000087460	ENST00000676826	protein_coding	0	1	0	0	0	0	0	0	0	0	0	0	0	0	1	0
GNAS	ENSG00000087460	ENST00000682803	protein_coding	0	1	0	0	0	0	0	0	0	0	0	0	0	0	1	0
GNAS	ENSG00000087460	ENST00000683015	protein_coding	0	0	0	1	1	0	0	0	0	0	0	0	0	0	0	0
GNL3	ENSG00000163938	ENST00000394799	protein_coding	0	0	0	1	0	0	0	0	0	0	0	0	0	0	0	1
GNL3	ENSG00000163938	ENST00000418458	protein_coding	0	0	0	1	0	0	0	0	0	0	0	0	0	0	0	1
GNL3	ENSG00000163938	ENST00000474423	protein_coding	0	0	0	1	0	0	0	0	0	0	0	0	0	0	0	1
GNL3	ENSG00000163938	ENST00000479230	protein_coding	0	0	0	1	0	0	0	0	0	1	0	0	0	0	0	0
HDAC1	ENSG00000116478	ENST00000373548	protein_coding	0	1	1	0	0	0	0	0	0	1	1	1	0	0	0	0
HDAC1	ENSG00000116478	ENST00000428704	protein_coding	0	0	1	1	0	0	0	1	0	0	1	0	0	0	0	0
HPDL	ENSG00000186603	ENST00000334815	protein_coding	0	0	0	1	0	0	0	1	0	0	0	0	0	0	0	0
IFI30	ENSG00000216490	ENST00000597802	protein_coding	0	0	0	1	0	0	0	0	0	0	0	0	0	0	0	1
IGBP1P2	ENSG00000266826	ENST00000583666	protein_coding	0	0	0	1	0	0	0	0	0	0	0	0	0	0	0	1
KDR	ENSG00000128052	ENST00000263923	protein_coding	0	1	0	2	0	0	0	0	0	2	0	0	0	0	1	0
KHDC4	ENSG00000132680	ENST00000368320	protein_coding	0	0	0	1	0	0	0	1	0	0	0	0	0	0	0	0
KHDC4	ENSG00000132680	ENST00000368321	protein_coding	0	0	0	1	0	0	0	1	0	0	0	0	0	0	0	0
KRAS	ENSG00000133703	ENST00000256078	protein_coding	0	1	0	2	0	0	0	0	0	3	0	1	0	0	0	0
KRAS	ENSG00000133703	ENST00000311936	protein_coding	0	1	0	2	0	0	0	0	0	3	0	1	0	0	0	0
KRAS	ENSG00000133703	ENST00000557334	protein_coding	0	0	0	3	0	0	0	0	0	3	0	0	0	0	0	0
KRAS	ENSG00000133703	ENST00000685328	protein_coding	0	1	0	2	0	0	0	0	0	3	0	1	0	0	0	0
KRAS	ENSG00000133703	ENST00000688940	protein_coding	0	1	0	2	0	0	0	0	0	3	0	1	0	0	0	0
KRAS	ENSG00000133703	ENST00000692768	protein_coding	0	1	0	2	0	0	0	0	0	3	0	1	0	0	0	0
KRAS	ENSG00000133703	ENST00000693229	protein_coding	0	0	0	3	0	0	0	0	0	3	0	0	0	0	0	0
LRBA	ENSG00000198589	ENST00000357115	protein_coding	0	0	0	1	0	0	0	0	0	1	0	0	0	0	0	0
LRBA	ENSG00000198589	ENST00000507224	protein_coding	0	0	0	1	0	0	0	0	0	1	0	0	0	0	0	0
LRBA	ENSG00000198589	ENST00000510413	protein_coding	0	0	0	1	0	0	0	0	0	1	0	0	0	0	0	0
LRBA	ENSG00000198589	ENST00000651943	protein_coding	0	0	0	1	0	0	0	0	0	1	0	0	0	0	0	0
LRRC14	ENSG00000160959	ENST00000292524	protein_coding	0	0	0	1	0	0	0	0	0	0	0	0	0	0	0	1
LRRC14	ENSG00000160959	ENST00000527730	protein_coding	0	0	0	1	0	0	0	0	0	0	0	0	0	0	0	1
LRRC14	ENSG00000160959	ENST00000529022	protein_coding	0	0	0	1	0	0	0	0	0	0	0	0	0	0	0	1
LRRC14	ENSG00000160959	ENST00000530854	protein_coding	0	0	0	1	0	0	0	0	0	0	0	0	0	0	0	1
LRRC41	ENSG00000132128	ENST00000343304	protein_coding	0	0	0	1	0	0	0	1	0	0	0	0	0	0	0	0
LRRC41	ENSG00000132128	ENST00000496156	protein_coding	0	0	0	1	0	0	0	0	0	1	0	0	0	0	0	0
LRRC41	ENSG00000132128	ENST00000615587	protein_coding	0	0	0	1	0	0	0	1	0	0	0	0	0	0	0	0
LRRC41	ENSG00000132128	ENST00000617190	protein_coding	0	0	0	1	0	0	0	1	0	0	0	0	0	0	0	0
MAP2K1	ENSG00000169032	ENST00000307102	protein_coding	0	0	1	2	0	0	0	0	0	2	1	0	0	0	0	0
MAP2K1	ENSG00000169032	ENST00000566326	protein_coding	0	0	0	1	0	0	0	0	0	1	0	0	0	0	0	0
MAP2K1	ENSG00000169032	ENST00000685172	protein_coding	0	0	1	2	0	0	0	0	0	2	1	0	0	0	0	0
MAP2K1	ENSG00000169032	ENST00000685763	protein_coding	0	0	1	2	0	0	0	0	0	2	1	0	0	0	0	0
MAP2K1	ENSG00000169032	ENST00000686347	protein_coding	0	0	1	2	0	0	0	0	0	2	1	0	0	0	0	0
MAP2K1	ENSG00000169032	ENST00000689951	protein_coding	0	0	1	2	0	0	0	0	0	2	1	0	0	0	0	0
MAP2K1	ENSG00000169032	ENST00000691576	protein_coding	0	0	1	2	0	0	0	0	0	2	1	0	0	0	0	0
MAP2K1	ENSG00000169032	ENST00000691937	protein_coding	0	0	1	2	0	0	0	0	0	2	1	0	0	0	0	0
MAP2K1	ENSG00000169032	ENST00000692683	protein_coding	0	0	1	2	0	0	0	0	0	2	1	0	0	0	0	0
MAP2K1	ENSG00000169032	ENST00000693150	protein_coding	0	0	0	3	0	0	0	0	0	3	0	0	0	0	0	0
MAP3K1	ENSG00000095015	ENST00000399503	protein_coding	0	0	0	1	0	0	0	0	0	1	0	0	0	0	0	0
MAP3K2	ENSG00000169967	ENST00000409947	protein_coding	0	0	0	1	0	0	0	1	0	0	0	0	0	0	0	0
MAP3K2	ENSG00000169967	ENST00000682094	protein_coding	0	0	0	1	0	0	0	1	0	0	0	0	0	0	0	0
MARCKSL1	ENSG00000175130	ENST00000329421	protein_coding	0	0	0	1	0	0	0	1	0	0	0	0	0	0	0	0
MET	ENSG00000105976	ENST00000318493	protein_coding	0	0	0	1	0	0	0	0	0	1	0	0	0	0	0	0
MET	ENSG00000105976	ENST00000397752	protein_coding	0	0	0	1	0	0	0	0	0	1	0	0	0	0	0	0
MET	ENSG00000105976	ENST00000456159	protein_coding	0	0	0	1	0	0	0	0	0	1	0	0	0	0	0	0
MFSD3	ENSG00000167700	ENST00000301327	protein_coding	0	0	0	1	0	0	0	1	0	0	0	0	0	0	0	0
MIEN1	ENSG00000141741	ENST00000394231	protein_coding	0	0	0	2	0	0	0	2	0	0	0	0	0	0	0	0
MIEN1	ENSG00000141741	ENST00000577810	protein_coding	0	0	0	2	0	0	0	2	0	0	0	0	0	0	0	0
MLH3	ENSG00000119684	ENST00000355774	protein_coding	0	0	1	0	0	0	0	0	0	0	1	0	0	0	0	0
MLH3	ENSG00000119684	ENST00000380968	protein_coding	0	0	1	0	0	0	0	0	0	0	1	0	0	0	0	0
MLH3	ENSG00000119684	ENST00000553263	protein_coding	0	0	0	1	0	0	0	1	0	0	0	0	0	0	0	0
MLH3	ENSG00000119684	ENST00000553713	protein_coding	0	0	1	0	0	0	0	0	0	0	1	0	0	0	0	0
MLH3	ENSG00000119684	ENST00000556257	protein_coding	0	0	1	0	0	0	0	0	0	0	1	0	0	0	0	0
MLH3	ENSG00000119684	ENST00000557648	protein_coding	0	0	0	1	0	0	0	1	0	0	0	0	0	0	0	0
MSH2	ENSG00000095002	ENST00000233146	protein_coding	0	0	2	0	0	0	0	0	0	0	2	0	0	0	0	0
MSH2	ENSG00000095002	ENST00000406134	protein_coding	0	0	2	0	0	0	0	0	0	0	2	0	0	0	0	0
MSH2	ENSG00000095002	ENST00000543555	protein_coding	0	0	2	0	0	0	0	0	0	0	2	0	0	0	0	0
MSH2	ENSG00000095002	ENST00000645506	protein_coding	0	0	2	0	0	0	0	0	0	0	2	0	0	0	0	0
MSH3	ENSG00000113318	ENST00000265081	protein_coding	0	1	0	0	0	0	0	0	0	0	0	0	0	0	1	0
MSH3	ENSG00000113318	ENST00000658259	protein_coding	0	1	0	0	0	0	0	0	0	0	0	0	0	0	1	0
MSH3	ENSG00000113318	ENST00000667069	protein_coding	0	1	0	0	0	0	0	0	0	0	0	0	0	0	1	0
MTOR	ENSG00000198793	ENST00000361445	protein_coding	0	1	0	7	0	0	0	0	0	7	0	0	0	0	1	0
MTOR	ENSG00000198793	ENST00000376838	protein_coding	0	1	0	6	0	0	0	0	0	6	0	0	0	0	1	0
MTOR	ENSG00000198793	ENST00000455339	protein_coding	0	0	0	5	0	0	1	1	0	3	0	0	0	0	0	0
MUTYH	ENSG00000132781	ENST00000354383	protein_coding	0	0	1	0	0	0	0	0	0	0	1	0	0	0	0	0
MUTYH	ENSG00000132781	ENST00000355498	protein_coding	0	0	1	0	0	0	0	0	0	0	1	0	0	0	0	0
MUTYH	ENSG00000132781	ENST00000372098	protein_coding	0	0	1	0	0	0	0	0	0	0	1	0	0	0	0	0
MUTYH	ENSG00000132781	ENST00000372104	protein_coding	0	0	1	0	0	0	0	0	0	0	1	0	0	0	0	0
MUTYH	ENSG00000132781	ENST00000372110	protein_coding	0	0	1	0	0	0	0	0	0	0	1	0	0	0	0	0
MUTYH	ENSG00000132781	ENST00000372115	protein_coding	0	0	1	0	0	0	0	0	0	0	1	0	0	0	0	0
MUTYH	ENSG00000132781	ENST00000412971	protein_coding	0	0	0	1	0	0	0	1	0	0	0	0	0	0	0	0
MUTYH	ENSG00000132781	ENST00000435155	protein_coding	0	0	0	1	0	0	0	1	0	0	0	0	0	0	0	0
MUTYH	ENSG00000132781	ENST00000448481	protein_coding	0	0	1	0	0	0	0	0	0	0	1	0	0	0	0	0
MUTYH	ENSG00000132781	ENST00000456914	protein_coding	0	0	1	0	0	0	0	0	0	0	1	0	0	0	0	0
MUTYH	ENSG00000132781	ENST00000483127	protein_coding	0	0	0	1	0	0	0	1	0	0	0	0	0	0	0	0
MUTYH	ENSG00000132781	ENST00000488731	protein_coding	0	0	1	0	0	0	0	0	0	0	1	0	0	0	0	0
MUTYH	ENSG00000132781	ENST00000528013	protein_coding	0	0	1	0	0	0	0	0	0	0	1	0	0	0	0	0
MUTYH	ENSG00000132781	ENST00000529892	protein_coding	0	0	1	0	0	0	0	0	0	0	1	0	0	0	0	0
MUTYH	ENSG00000132781	ENST00000529984	protein_coding	0	0	1	0	0	0	0	0	0	0	1	0	0	0	0	0
MUTYH	ENSG00000132781	ENST00000531105	protein_coding	0	0	0	1	0	0	0	0	0	1	0	0	0	0	0	0
MUTYH	ENSG00000132781	ENST00000672314	protein_coding	0	0	1	0	0	0	0	0	0	0	1	0	0	0	0	0
MUTYH	ENSG00000132781	ENST00000672818	protein_coding	0	0	1	0	0	0	0	0	0	0	1	0	0	0	0	0
MYC	ENSG00000136997	ENST00000259523	protein_coding	0	0	1	0	0	0	0	0	0	0	1	0	0	0	0	0
MYC	ENSG00000136997	ENST00000377970	protein_coding	0	0	1	0	0	0	0	0	0	0	1	0	0	0	0	0
MYC	ENSG00000136997	ENST00000517291	protein_coding	0	0	1	0	0	0	0	0	0	0	1	0	0	0	0	0
MYC	ENSG00000136997	ENST00000524013	protein_coding	0	0	1	0	0	0	0	0	0	0	1	0	0	0	0	0
MYC	ENSG00000136997	ENST00000621592	protein_coding	0	0	1	0	0	0	0	0	0	0	1	0	0	0	0	0
MYC	ENSG00000136997	ENST00000641036	protein_coding	0	0	0	1	0	0	0	1	0	0	0	0	0	0	0	0
MYC	ENSG00000136997	ENST00000641252	protein_coding	0	0	0	1	0	0	0	1	0	0	0	0	0	0	0	0
MYC	ENSG00000136997	ENST00000651626	protein_coding	0	1	0	1	0	1	1	0	0	0	0	0	0	0	0	0
MYC	ENSG00000136997	ENST00000652288	protein_coding	0	0	1	0	0	0	0	0	0	0	1	0	0	0	0	0
NF1	ENSG00000196712	ENST00000356175	protein_coding	0	2	1	2	0	0	0	0	0	4	1	2	0	0	0	0
NF1	ENSG00000196712	ENST00000358273	protein_coding	0	2	1	2	0	0	0	0	0	4	1	2	0	0	0	0
NF1	ENSG00000196712	ENST00000431387	protein_coding	0	0	1	2	0	0	0	2	0	0	1	0	0	0	0	0
NF1	ENSG00000196712	ENST00000456735	protein_coding	0	2	1	2	0	0	0	0	0	4	1	2	0	0	0	0
NF1	ENSG00000196712	ENST00000468273	protein_coding	0	0	0	1	0	0	0	0	0	0	0	0	0	0	0	1
NF1	ENSG00000196712	ENST00000487476	protein_coding	0	0	1	0	0	0	0	0	0	0	1	0	0	0	0	0
NF1	ENSG00000196712	ENST00000684826	protein_coding	0	0	0	1	0	0	0	0	0	1	0	0	0	0	0	0
NF1	ENSG00000196712	ENST00000686189	protein_coding	0	0	1	1	0	0	0	1	0	0	1	0	0	0	0	0
NF1	ENSG00000196712	ENST00000687027	protein_coding	0	0	0	1	0	0	0	0	0	1	0	0	0	0	0	0
NF1	ENSG00000196712	ENST00000689464	protein_coding	0	0	0	1	0	0	0	0	0	1	0	0	0	0	0	0
NF1	ENSG00000196712	ENST00000691014	protein_coding	0	2	1	2	0	0	0	0	0	4	1	2	0	0	0	0
NF1	ENSG00000196712	ENST00000693617	protein_coding	0	0	0	1	0	0	0	0	0	1	0	0	0	0	0	0
NF2	ENSG00000186575	ENST00000334961	protein_coding	0	0	0	2	0	0	0	0	0	2	0	0	0	0	0	0
NF2	ENSG00000186575	ENST00000338641	protein_coding	0	1	0	1	0	0	0	0	0	2	0	1	0	0	0	0
NF2	ENSG00000186575	ENST00000353887	protein_coding	0	0	0	2	0	0	0	0	0	2	0	0	0	0	0	0
NF2	ENSG00000186575	ENST00000361452	protein_coding	0	0	0	2	0	0	0	0	0	2	0	0	0	0	0	0
NF2	ENSG00000186575	ENST00000361676	protein_coding	0	1	0	1	0	0	0	0	0	2	0	1	0	0	0	0
NF2	ENSG00000186575	ENST00000397789	protein_coding	0	1	0	1	0	0	0	0	0	2	0	1	0	0	0	0
NF2	ENSG00000186575	ENST00000403435	protein_coding	0	1	0	1	0	0	0	0	0	2	0	1	0	0	0	0
NF2	ENSG00000186575	ENST00000403999	protein_coding	0	1	0	1	0	0	0	0	0	2	0	1	0	0	0	0
NF2	ENSG00000186575	ENST00000413209	protein_coding	0	1	0	1	0	0	0	0	0	2	0	1	0	0	0	0
NF2	ENSG00000186575	ENST00000672896	protein_coding	0	1	0	1	0	0	0	0	0	2	0	1	0	0	0	0
NKAPD1	ENSG00000150776	ENST00000280352	protein_coding	0	0	0	2	0	0	0	2	0	0	0	0	0	0	0	0
NKAPD1	ENSG00000150776	ENST00000393047	protein_coding	0	0	0	2	0	0	0	2	0	0	0	0	0	0	0	0
NKAPD1	ENSG00000150776	ENST00000420986	protein_coding	0	0	0	2	0	0	0	2	0	0	0	0	0	0	0	0
NKAPD1	ENSG00000150776	ENST00000532163	protein_coding	0	0	0	2	0	0	0	2	0	0	0	0	0	0	0	0
NOTCH2	ENSG00000134250	ENST00000256646	protein_coding	0	1	0	2	0	0	0	0	0	3	0	1	0	0	0	0
NOTCH3	ENSG00000074181	ENST00000263388	protein_coding	0	0	0	2	0	0	0	0	0	2	0	0	0	0	0	0
NOTCH3	ENSG00000074181	ENST00000601011	protein_coding	0	0	0	2	0	0	0	0	0	2	0	0	0	0	0	0
NOTCH4	ENSG00000204301	ENST00000375023	protein_coding	0	1	0	1	0	0	0	0	0	1	0	0	0	0	1	0
NPM1	ENSG00000181163	ENST00000296930	protein_coding	0	0	0	2	0	0	0	0	0	2	0	0	0	0	0	0
NPM1	ENSG00000181163	ENST00000351986	protein_coding	0	0	0	2	0	0	0	0	0	2	0	0	0	0	0	0
NPM1	ENSG00000181163	ENST00000393820	protein_coding	0	0	0	2	0	0	0	0	0	2	0	0	0	0	0	0
NPM1	ENSG00000181163	ENST00000517671	protein_coding	0	0	0	2	0	0	0	0	0	2	0	0	0	0	0	0
NPM1	ENSG00000181163	ENST00000521672	protein_coding	0	0	0	2	0	0	0	0	0	2	0	0	0	0	0	0
NPM1	ENSG00000181163	ENST00000523622	protein_coding	0	0	0	1	0	0	0	1	0	0	0	0	0	0	0	0
NPM1	ENSG00000181163	ENST00000676589	protein_coding	0	0	0	2	0	0	0	0	0	2	0	0	0	0	0	0
NPM1	ENSG00000181163	ENST00000677297	protein_coding	0	0	0	2	0	0	0	0	0	2	0	0	0	0	0	0
NPM1	ENSG00000181163	ENST00000677325	protein_coding	0	0	0	2	0	0	0	0	0	2	0	0	0	0	0	0
NPM1	ENSG00000181163	ENST00000677357	protein_coding	0	0	0	2	0	0	0	0	0	2	0	0	0	0	0	0
NPM1	ENSG00000181163	ENST00000677907	protein_coding	0	0	0	2	0	0	0	0	0	2	0	0	0	0	0	0
NPM1	ENSG00000181163	ENST00000679190	protein_coding	0	0	0	2	0	0	0	0	0	2	0	0	0	0	0	0
NPM1	ENSG00000181163	ENST00000679233	protein_coding	0	0	0	2	0	0	0	0	0	2	0	0	0	0	0	0
NRG1	ENSG00000157168	ENST00000287842	protein_coding	0	0	0	11	0	0	0	0	0	11	0	0	0	0	0	0
NRG1	ENSG00000157168	ENST00000356819	protein_coding	0	0	0	11	0	0	0	0	0	11	0	0	0	0	0	0
NRG1	ENSG00000157168	ENST00000405005	protein_coding	0	0	0	11	0	0	0	0	0	11	0	0	0	0	0	0
NRG1	ENSG00000157168	ENST00000518084	protein_coding	0	0	0	2	0	0	0	0	0	2	0	0	0	0	0	0
NRG1	ENSG00000157168	ENST00000518206	protein_coding	0	0	0	11	0	0	0	0	0	11	0	0	0	0	0	0
NRG1	ENSG00000157168	ENST00000519240	protein_coding	0	0	0	2	0	0	0	0	0	2	0	0	0	0	0	0
NRG1	ENSG00000157168	ENST00000519301	protein_coding	0	0	0	11	0	0	0	0	0	11	0	0	0	0	0	0
NRG1	ENSG00000157168	ENST00000520407	protein_coding	0	0	0	11	0	0	0	0	0	11	0	0	0	0	0	0
NRG1	ENSG00000157168	ENST00000520502	protein_coding	0	1	0	8	0	0	0	0	0	7	0	0	0	0	1	1
NRG1	ENSG00000157168	ENST00000521670	protein_coding	0	0	0	11	0	0	0	0	0	11	0	0	0	0	0	0
NRG1	ENSG00000157168	ENST00000522402	protein_coding	0	0	0	2	0	0	0	0	0	2	0	0	0	0	0	0
NRG1	ENSG00000157168	ENST00000522569	protein_coding	0	0	0	10	0	0	0	0	0	10	0	0	0	0	0	0
NRG1	ENSG00000157168	ENST00000523041	protein_coding	0	1	0	8	0	0	0	0	0	7	0	0	0	0	1	1
NRG1	ENSG00000157168	ENST00000523079	protein_coding	0	0	0	11	0	0	0	0	0	11	0	0	0	0	0	0
NRG1	ENSG00000157168	ENST00000523534	protein_coding	0	0	0	11	0	0	0	0	0	11	0	0	0	0	0	0
NRG1	ENSG00000157168	ENST00000539990	protein_coding	0	0	0	2	0	0	0	0	0	2	0	0	0	0	0	0
NRG1	ENSG00000157168	ENST00000650819	protein_coding	0	1	0	8	0	0	0	0	0	7	0	0	0	0	1	1
NRG1	ENSG00000157168	ENST00000650866	protein_coding	0	0	0	11	0	0	0	0	0	11	0	0	0	0	0	0
NRG1	ENSG00000157168	ENST00000650919	protein_coding	0	0	0	11	0	0	0	0	0	11	0	0	0	0	0	0
NRG1	ENSG00000157168	ENST00000650967	protein_coding	0	0	0	11	0	0	0	0	0	11	0	0	0	0	0	0
NRG1	ENSG00000157168	ENST00000650980	protein_coding	0	0	0	11	0	0	0	0	0	11	0	0	0	0	0	0
NRG1	ENSG00000157168	ENST00000651149	protein_coding	0	0	0	11	0	0	0	0	0	11	0	0	0	0	0	0
NRG1	ENSG00000157168	ENST00000651333	protein_coding	0	1	0	8	0	0	0	0	0	7	0	0	0	0	1	1
NRG1	ENSG00000157168	ENST00000651335	protein_coding	0	0	0	11	0	0	0	0	0	11	0	0	0	0	0	0
NRG1	ENSG00000157168	ENST00000652588	protein_coding	0	0	0	11	0	0	0	0	0	11	0	0	0	0	0	0
NRG1	ENSG00000157168	ENST00000652592	protein_coding	0	1	0	8	0	0	0	0	0	7	0	0	0	0	1	1
NRG1	ENSG00000157168	ENST00000652698	protein_coding	0	0	0	11	0	0	0	0	0	11	0	0	0	0	0	0
NTRK1	ENSG00000198400	ENST00000358660	protein_coding	0	0	0	3	0	0	0	0	0	3	0	0	0	0	0	0
NTRK1	ENSG00000198400	ENST00000368196	protein_coding	0	0	0	3	0	0	0	0	0	3	0	0	0	0	0	0
NTRK1	ENSG00000198400	ENST00000392302	protein_coding	0	0	0	3	0	0	0	0	0	3	0	0	0	0	0	0
NTRK1	ENSG00000198400	ENST00000524377	protein_coding	0	0	0	3	0	0	0	0	0	3	0	0	0	0	0	0
NTRK1	ENSG00000198400	ENST00000674537	protein_coding	0	0	0	3	0	0	0	0	0	3	0	0	0	0	0	0
NTRK1	ENSG00000198400	ENST00000675461	protein_coding	0	0	0	1	0	0	0	0	0	1	0	0	0	0	0	0
NTRK2	ENSG00000148053	ENST00000277120	protein_coding	0	0	1	5	0	0	0	0	0	5	1	0	0	0	0	0
NTRK2	ENSG00000148053	ENST00000304053	protein_coding	0	0	1	5	1	0	0	0	0	4	1	0	0	0	0	0
NTRK2	ENSG00000148053	ENST00000323115	protein_coding	0	0	1	5	0	0	0	0	0	5	1	0	0	0	0	0
NTRK2	ENSG00000148053	ENST00000359847	protein_coding	0	0	1	3	2	0	0	0	0	1	1	0	0	0	0	0
NTRK2	ENSG00000148053	ENST00000376208	protein_coding	0	0	1	5	1	0	0	0	0	4	1	0	0	0	0	0
NTRK2	ENSG00000148053	ENST00000376213	protein_coding	0	0	1	5	0	0	0	0	0	5	1	0	0	0	0	0
NTRK2	ENSG00000148053	ENST00000395882	protein_coding	0	0	1	3	2	0	0	0	0	1	1	0	0	0	0	0
NTRK2	ENSG00000148053	ENST00000685387	protein_coding	0	0	1	3	2	0	0	0	0	1	1	0	0	0	0	0
NTRK2	ENSG00000148053	ENST00000685720	protein_coding	0	0	1	5	1	0	0	0	0	4	1	0	0	0	0	0
NTRK2	ENSG00000148053	ENST00000686259	protein_coding	0	0	1	5	0	0	0	0	0	5	1	0	0	0	0	0
NTRK2	ENSG00000148053	ENST00000686322	protein_coding	0	0	0	4	2	0	0	0	0	1	0	0	0	0	0	1
NTRK2	ENSG00000148053	ENST00000686324	protein_coding	0	0	1	5	0	0	0	0	0	5	1	0	0	0	0	0
NTRK2	ENSG00000148053	ENST00000686443	protein_coding	0	0	1	5	1	0	0	0	0	4	1	0	0	0	0	0
NTRK2	ENSG00000148053	ENST00000686496	protein_coding	0	0	1	5	0	0	0	0	0	5	1	0	0	0	0	0
NTRK2	ENSG00000148053	ENST00000686542	protein_coding	0	0	1	3	2	0	0	0	0	1	1	0	0	0	0	0
NTRK2	ENSG00000148053	ENST00000687148	protein_coding	0	0	1	3	2	0	0	0	0	1	1	0	0	0	0	0
NTRK2	ENSG00000148053	ENST00000687386	protein_coding	0	0	1	5	0	0	0	0	0	5	1	0	0	0	0	0
NTRK2	ENSG00000148053	ENST00000687596	protein_coding	0	0	1	3	2	0	0	0	0	1	1	0	0	0	0	0
NTRK2	ENSG00000148053	ENST00000687636	protein_coding	0	0	1	5	1	0	0	0	0	4	1	0	0	0	0	0
NTRK2	ENSG00000148053	ENST00000688013	protein_coding	0	0	1	3	2	0	0	0	0	1	1	0	0	0	0	0
NTRK2	ENSG00000148053	ENST00000689301	protein_coding	0	0	0	6	0	0	0	0	0	5	0	0	0	0	0	1
NTRK2	ENSG00000148053	ENST00000689685	protein_coding	0	0	1	3	2	0	0	0	0	1	1	0	0	0	0	0
NTRK2	ENSG00000148053	ENST00000689815	protein_coding	0	0	1	3	2	0	0	0	0	1	1	0	0	0	0	0
NTRK2	ENSG00000148053	ENST00000690281	protein_coding	0	0	1	3	2	0	0	0	0	1	1	0	0	0	0	0
NTRK2	ENSG00000148053	ENST00000691415	protein_coding	0	0	1	3	2	0	0	0	0	1	1	0	0	0	0	0
NTRK2	ENSG00000148053	ENST00000691788	protein_coding	0	0	1	5	0	0	0	0	0	5	1	0	0	0	0	0
NTRK2	ENSG00000148053	ENST00000692181	protein_coding	0	0	1	5	0	0	0	0	0	5	1	0	0	0	0	0
NTRK2	ENSG00000148053	ENST00000692389	protein_coding	0	0	1	3	2	0	0	0	0	1	1	0	0	0	0	0
NTRK2	ENSG00000148053	ENST00000692473	protein_coding	0	0	0	6	0	0	0	0	0	5	0	0	0	0	0	1
NTRK2	ENSG00000148053	ENST00000692506	protein_coding	0	0	1	3	2	0	0	0	0	1	1	0	0	0	0	0
NTRK2	ENSG00000148053	ENST00000692762	protein_coding	0	0	1	3	2	0	0	0	0	1	1	0	0	0	0	0
NTRK2	ENSG00000148053	ENST00000692804	protein_coding	0	0	1	3	0	0	0	2	0	1	1	0	0	0	0	0
NTRK2	ENSG00000148053	ENST00000693109	protein_coding	0	0	1	3	2	0	0	0	0	1	1	0	0	0	0	0
NTRK2	ENSG00000148053	ENST00000693127	protein_coding	0	0	1	3	2	0	0	0	0	1	1	0	0	0	0	0
NTRK2	ENSG00000148053	ENST00000693384	protein_coding	0	0	1	3	0	0	0	2	0	1	1	0	0	0	0	0
NTRK2	ENSG00000148053	ENST00000693539	protein_coding	0	0	1	5	1	0	0	0	0	4	1	0	0	0	0	0
NTRK3	ENSG00000140538	ENST00000317501	protein_coding	0	1	0	19	1	0	0	0	0	18	0	0	0	0	1	0
NTRK3	ENSG00000140538	ENST00000355254	protein_coding	0	0	0	23	0	0	0	0	0	23	0	0	0	0	0	0
NTRK3	ENSG00000140538	ENST00000357724	protein_coding	0	0	0	23	0	0	0	0	0	23	0	0	0	0	0	0
NTRK3	ENSG00000140538	ENST00000360948	protein_coding	0	0	0	23	0	0	0	0	0	23	0	0	0	0	0	0
NTRK3	ENSG00000140538	ENST00000394480	protein_coding	0	0	0	23	0	0	0	0	0	23	0	0	0	0	0	0
NTRK3	ENSG00000140538	ENST00000540489	protein_coding	0	1	0	19	0	0	0	1	0	18	0	0	0	0	1	0
NTRK3	ENSG00000140538	ENST00000542733	protein_coding	0	0	0	23	0	0	0	0	0	23	0	0	0	0	0	0
NTRK3	ENSG00000140538	ENST00000557856	protein_coding	0	0	0	23	0	0	0	0	0	23	0	0	0	0	0	0
NTRK3	ENSG00000140538	ENST00000558676	protein_coding	0	0	0	23	0	0	0	0	0	23	0	0	0	0	0	0
NTRK3	ENSG00000140538	ENST00000560017	protein_coding	0	0	0	6	0	0	0	0	0	6	0	0	0	0	0	0
NTRK3	ENSG00000140538	ENST00000626019	protein_coding	0	0	0	23	0	0	0	0	0	23	0	0	0	0	0	0
NTRK3	ENSG00000140538	ENST00000629765	protein_coding	0	0	0	23	0	0	0	0	0	23	0	0	0	0	0	0
PALB2	ENSG00000083093	ENST00000261584	protein_coding	0	0	0	1	0	0	0	0	0	1	0	0	0	0	0	0
PALB2	ENSG00000083093	ENST00000566069	protein_coding	0	0	0	1	0	0	0	0	0	0	0	0	0	0	0	1
PALB2	ENSG00000083093	ENST00000568219	protein_coding	0	0	0	1	0	0	0	0	0	1	0	0	0	0	0	0
PARP1	ENSG00000143799	ENST00000366794	protein_coding	0	0	1	2	0	0	0	0	0	2	1	0	0	0	0	0
PARP1	ENSG00000143799	ENST00000677203	protein_coding	0	0	1	2	0	0	0	0	0	2	1	0	0	0	0	0
PBRM1	ENSG00000163939	ENST00000296302	protein_coding	0	0	1	1	0	0	0	0	0	0	1	0	0	0	0	1
PBRM1	ENSG00000163939	ENST00000337303	protein_coding	0	0	1	1	0	0	0	0	0	0	1	0	0	0	0	1
PBRM1	ENSG00000163939	ENST00000356770	protein_coding	0	0	1	1	0	0	0	0	0	0	1	0	0	0	0	1
PBRM1	ENSG00000163939	ENST00000394830	protein_coding	0	0	1	1	0	0	0	0	0	1	1	0	0	0	0	0
PBRM1	ENSG00000163939	ENST00000409057	protein_coding	0	0	1	1	0	0	0	0	0	0	1	0	0	0	0	1
PBRM1	ENSG00000163939	ENST00000409114	protein_coding	0	0	1	1	0	0	0	0	0	0	1	0	0	0	0	1
PBRM1	ENSG00000163939	ENST00000409767	protein_coding	0	0	1	1	0	0	0	0	0	0	1	0	0	0	0	1
PBRM1	ENSG00000163939	ENST00000410007	protein_coding	0	0	1	1	0	0	0	0	0	0	1	0	0	0	0	1
PBRM1	ENSG00000163939	ENST00000420148	protein_coding	0	0	0	1	0	0	0	0	0	1	0	0	0	0	0	0
PBRM1	ENSG00000163939	ENST00000423351	protein_coding	0	0	1	1	0	0	0	0	0	0	1	0	0	0	0	1
PBRM1	ENSG00000163939	ENST00000424867	protein_coding	0	0	0	1	0	0	1	0	0	0	0	0	0	0	0	0
PBRM1	ENSG00000163939	ENST00000431678	protein_coding	0	0	0	1	0	0	0	0	0	1	0	0	0	0	0	0
PBRM1	ENSG00000163939	ENST00000439181	protein_coding	0	0	0	1	0	0	1	0	0	0	0	0	0	0	0	0
PBRM1	ENSG00000163939	ENST00000446103	protein_coding	0	0	1	1	0	0	0	0	0	0	1	0	0	0	0	1
PBRM1	ENSG00000163939	ENST00000449505	protein_coding	0	0	0	1	0	0	0	0	0	1	0	0	0	0	0	0
PBRM1	ENSG00000163939	ENST00000450271	protein_coding	0	0	0	1	0	0	0	0	0	1	0	0	0	0	0	0
PBRM1	ENSG00000163939	ENST00000458294	protein_coding	0	0	0	1	0	0	0	0	0	1	0	0	0	0	0	0
PDGFRA	ENSG00000134853	ENST00000257290	protein_coding	0	1	0	0	0	0	0	0	0	0	0	0	0	0	1	0
PDGFRB	ENSG00000113721	ENST00000261799	protein_coding	0	0	0	1	0	0	0	0	0	1	0	0	0	0	0	0
PGAP3	ENSG00000161395	ENST00000584856	protein_coding	0	0	0	2	0	0	0	0	0	0	0	0	0	0	0	2
PGR	ENSG00000082175	ENST00000263463	protein_coding	0	0	1	0	0	0	0	0	0	0	1	0	0	0	0	0
PGR	ENSG00000082175	ENST00000325455	protein_coding	0	0	1	0	0	0	0	0	0	0	1	0	0	0	0	0
PGR	ENSG00000082175	ENST00000534013	protein_coding	0	0	0	1	0	0	0	0	0	1	0	0	0	0	0	0
PGR	ENSG00000082175	ENST00000619228	protein_coding	0	0	1	0	0	0	0	0	0	0	1	0	0	0	0	0
PGR	ENSG00000082175	ENST00000632634	protein_coding	0	0	0	1	0	0	0	0	0	0	0	0	0	0	0	1
PHOX2B	ENSG00000109132	ENST00000226382	protein_coding	0	0	0	1	1	0	0	0	0	0	0	0	0	0	0	0
PIK3CB	ENSG00000051382	ENST00000289153	protein_coding	0	0	0	1	0	0	0	0	0	1	0	0	0	0	0	0
PIK3CB	ENSG00000051382	ENST00000477593	protein_coding	0	0	0	1	0	0	0	0	0	1	0	0	0	0	0	0
PIK3CB	ENSG00000051382	ENST00000493568	protein_coding	0	0	0	1	0	0	0	0	0	1	0	0	0	0	0	0
PIK3CB	ENSG00000051382	ENST00000544716	protein_coding	0	0	0	1	0	0	0	0	0	1	0	0	0	0	0	0
PIK3CB	ENSG00000051382	ENST00000674063	protein_coding	0	0	0	1	0	0	0	0	0	1	0	0	0	0	0	0
PIK3R2	ENSG00000105647	ENST00000222254	protein_coding	0	0	1	1	0	0	0	0	0	1	1	0	0	0	0	0
PKD1	ENSG00000008710	ENST00000262304	protein_coding	0	0	0	1	0	0	0	1	0	0	0	0	0	0	0	0
PKD1	ENSG00000008710	ENST00000423118	protein_coding	0	0	0	1	0	0	0	1	0	0	0	0	0	0	0	0
PLK4	ENSG00000142731	ENST00000270861	protein_coding	0	1	0	0	0	0	0	0	0	1	0	1	0	0	0	0
PLK4	ENSG00000142731	ENST00000507249	protein_coding	0	1	0	0	0	0	0	0	0	1	0	1	0	0	0	0
PLK4	ENSG00000142731	ENST00000508113	protein_coding	0	0	0	1	0	0	0	0	0	1	0	0	0	0	0	0
PLK4	ENSG00000142731	ENST00000513090	protein_coding	0	1	0	0	0	0	0	0	0	1	0	1	0	0	0	0
PLK4	ENSG00000142731	ENST00000514379	protein_coding	0	1	0	0	0	0	0	0	0	1	0	1	0	0	0	0
PLK4	ENSG00000142731	ENST00000515069	protein_coding	0	1	0	0	0	0	0	0	0	1	0	1	0	0	0	0
POLE	ENSG00000177084	ENST00000320574	protein_coding	0	1	1	1	0	0	0	0	0	1	1	0	0	0	1	0
POLE	ENSG00000177084	ENST00000535270	protein_coding	0	1	1	1	0	0	0	0	0	1	1	0	0	0	1	0
POLG	ENSG00000140521	ENST00000635831	protein_coding	0	0	0	2	0	0	0	1	0	1	0	0	0	0	0	0
PPP2R1A	ENSG00000105568	ENST00000322088	protein_coding	0	1	0	1	0	0	0	0	0	1	0	0	0	0	1	0
PPP2R1A	ENSG00000105568	ENST00000391791	protein_coding	0	0	0	2	0	0	0	0	0	0	0	0	0	0	0	2
PPP2R1A	ENSG00000105568	ENST00000454220	protein_coding	0	1	0	1	0	0	0	1	0	0	0	0	0	0	1	0
PPP2R1A	ENSG00000105568	ENST00000462990	protein_coding	0	1	0	1	0	0	0	0	0	1	0	0	0	0	1	0
PRCC	ENSG00000143294	ENST00000271526	protein_coding	0	0	0	1	0	0	0	0	0	1	0	0	0	0	0	0
PRCC	ENSG00000143294	ENST00000454659	protein_coding	0	0	0	1	0	0	0	0	0	1	0	0	0	0	0	0
PRCC	ENSG00000143294	ENST00000526188	protein_coding	0	0	0	1	0	0	0	0	0	1	0	0	0	0	0	0
PTCH1	ENSG00000185920	ENST00000430669	protein_coding	0	1	0	1	0	1	1	0	0	0	0	0	0	0	0	0
PTCH1	ENSG00000185920	ENST00000437951	protein_coding	0	0	0	1	0	0	0	0	0	1	0	0	0	0	0	0
PTCH1	ENSG00000185920	ENST00000468211	protein_coding	0	1	0	1	0	1	1	0	0	0	0	0	0	0	0	0
PTEN	ENSG00000171862	ENST00000371953	protein_coding	0	0	0	1	1	0	0	0	0	0	0	0	0	0	0	0
PTEN	ENSG00000171862	ENST00000472832	protein_coding	0	0	0	1	0	0	0	1	0	0	0	0	0	0	0	0
PTEN	ENSG00000171862	ENST00000688308	protein_coding	0	0	0	1	1	0	0	0	0	0	0	0	0	0	0	0
PTEN	ENSG00000171862	ENST00000693560	protein_coding	0	0	0	1	1	0	0	0	0	0	0	0	0	0	0	0
RAD50	ENSG00000113522	ENST00000378823	protein_coding	0	0	0	1	0	0	0	0	0	1	0	0	0	0	0	0
RAD50	ENSG00000113522	ENST00000434288	protein_coding	0	0	0	1	0	0	0	0	0	1	0	0	0	0	0	0
RAD50	ENSG00000113522	ENST00000453394	protein_coding	0	0	0	1	0	0	0	0	0	1	0	0	0	0	0	0
RAD50	ENSG00000113522	ENST00000651541	protein_coding	0	0	0	1	0	0	0	1	0	0	0	0	0	0	0	0
RAD50	ENSG00000113522	ENST00000652485	protein_coding	0	0	0	1	0	0	0	0	0	1	0	0	0	0	0	0
RAD51	ENSG00000051180	ENST00000267868	protein_coding	0	0	0	1	0	0	0	0	0	1	0	0	0	0	0	0
RAD51	ENSG00000051180	ENST00000382643	protein_coding	0	0	0	1	0	0	0	0	0	1	0	0	0	0	0	0
RAD51	ENSG00000051180	ENST00000423169	protein_coding	0	0	0	1	0	0	0	0	0	1	0	0	0	0	0	0
RAD51	ENSG00000051180	ENST00000527860	protein_coding	0	0	0	1	0	0	0	0	0	1	0	0	0	0	0	0
RAD51	ENSG00000051180	ENST00000532743	protein_coding	0	0	0	1	0	0	0	0	0	1	0	0	0	0	0	0
RAD51	ENSG00000051180	ENST00000557850	protein_coding	0	0	0	1	0	0	0	0	0	1	0	0	0	0	0	0
RAD51	ENSG00000051180	ENST00000645673	protein_coding	0	0	0	1	0	0	0	0	0	1	0	0	0	0	0	0
RAD51B	ENSG00000182185	ENST00000471583	protein_coding	0	0	0	1	0	0	0	0	0	1	0	0	0	0	0	0
RAD51B	ENSG00000182185	ENST00000487270	protein_coding	0	0	0	1	0	0	0	0	0	1	0	0	0	0	0	0
RAD51B	ENSG00000182185	ENST00000487861	protein_coding	0	0	0	1	0	0	0	0	0	1	0	0	0	0	0	0
RAD51B	ENSG00000182185	ENST00000488612	protein_coding	0	0	0	1	0	0	0	0	0	1	0	0	0	0	0	0
RAD51B	ENSG00000182185	ENST00000554575	protein_coding	0	0	0	1	0	0	0	0	0	1	0	0	0	0	0	0
RAD51C	ENSG00000108384	ENST00000337432	protein_coding	0	0	0	1	0	0	0	0	0	1	0	0	0	0	0	0
RAD51C	ENSG00000108384	ENST00000413590	protein_coding	0	0	0	1	0	0	0	0	0	0	0	0	0	0	0	1
RAD51C	ENSG00000108384	ENST00000421782	protein_coding	0	0	0	1	0	0	0	0	0	1	0	0	0	0	0	0
RAD51C	ENSG00000108384	ENST00000425173	protein_coding	0	0	0	1	0	0	0	0	0	0	0	0	0	0	0	1
RAD51C	ENSG00000108384	ENST00000461271	protein_coding	0	0	0	1	0	0	0	0	0	1	0	0	0	0	0	0
RAD51C	ENSG00000108384	ENST00000583539	protein_coding	0	0	0	1	0	0	0	0	0	1	0	0	0	0	0	0
RAD51C	ENSG00000108384	ENST00000622327	protein_coding	0	0	0	1	0	0	0	0	0	0	0	0	0	0	0	1
RAD54L	ENSG00000085999	ENST00000371975	protein_coding	0	1	0	0	0	0	0	0	0	0	0	0	0	0	1	0
RAD54L	ENSG00000085999	ENST00000442598	protein_coding	0	1	0	0	0	0	0	0	0	0	0	0	0	0	1	0
RAD54L	ENSG00000085999	ENST00000488942	protein_coding	0	1	0	0	0	0	0	0	0	0	0	0	0	0	1	0
RAD54L	ENSG00000085999	ENST00000671528	protein_coding	0	1	0	0	0	0	0	0	0	0	0	0	0	0	1	0
RAF1	ENSG00000132155	ENST00000251849	protein_coding	0	0	0	1	0	0	0	0	0	1	0	0	0	0	0	0
RAF1	ENSG00000132155	ENST00000432427	protein_coding	0	0	0	1	0	0	0	0	0	1	0	0	0	0	0	0
RAF1	ENSG00000132155	ENST00000442415	protein_coding	0	0	0	1	0	0	0	0	0	1	0	0	0	0	0	0
RAF1	ENSG00000132155	ENST00000685437	protein_coding	0	0	0	1	0	0	0	0	0	1	0	0	0	0	0	0
RAF1	ENSG00000132155	ENST00000685653	protein_coding	0	0	0	1	0	0	0	0	0	1	0	0	0	0	0	0
RAF1	ENSG00000132155	ENST00000685740	protein_coding	0	0	0	1	0	0	0	1	0	0	0	0	0	0	0	0
RAF1	ENSG00000132155	ENST00000685959	protein_coding	0	0	0	1	0	0	0	1	0	0	0	0	0	0	0	0
RAF1	ENSG00000132155	ENST00000687923	protein_coding	0	0	0	1	0	0	0	0	0	1	0	0	0	0	0	0
RAF1	ENSG00000132155	ENST00000688543	protein_coding	0	0	0	1	0	0	0	0	0	1	0	0	0	0	0	0
RAF1	ENSG00000132155	ENST00000688753	protein_coding	0	0	0	1	0	0	0	1	0	0	0	0	0	0	0	0
RAF1	ENSG00000132155	ENST00000689033	protein_coding	0	0	0	1	0	0	0	1	0	0	0	0	0	0	0	0
RAF1	ENSG00000132155	ENST00000689226	protein_coding	0	0	0	1	0	0	0	1	0	0	0	0	0	0	0	0
RAF1	ENSG00000132155	ENST00000689389	protein_coding	0	0	0	1	0	0	0	0	0	1	0	0	0	0	0	0
RAF1	ENSG00000132155	ENST00000690397	protein_coding	0	0	0	1	0	0	0	0	0	1	0	0	0	0	0	0
RAF1	ENSG00000132155	ENST00000690460	protein_coding	0	0	0	1	0	0	0	0	0	1	0	0	0	0	0	0
RAF1	ENSG00000132155	ENST00000691718	protein_coding	0	0	0	1	0	0	0	1	0	0	0	0	0	0	0	0
RAF1	ENSG00000132155	ENST00000691899	protein_coding	0	0	0	1	0	0	0	0	0	1	0	0	0	0	0	0
RAF1	ENSG00000132155	ENST00000692093	protein_coding	0	0	0	1	0	0	0	0	0	1	0	0	0	0	0	0
RAF1	ENSG00000132155	ENST00000692959	protein_coding	0	0	0	1	0	0	0	1	0	0	0	0	0	0	0	0
RAF1	ENSG00000132155	ENST00000693312	protein_coding	0	0	0	1	0	0	0	0	0	1	0	0	0	0	0	0
RB1	ENSG00000139687	ENST00000267163	protein_coding	0	1	0	0	0	0	0	0	0	1	0	1	0	0	0	0
RB1	ENSG00000139687	ENST00000643064	protein_coding	0	0	0	1	0	0	0	0	0	1	0	0	0	0	0	0
RB1	ENSG00000139687	ENST00000650461	protein_coding	0	1	0	0	0	0	0	0	0	1	0	1	0	0	0	0
RECQL4	ENSG00000160957	ENST00000524998	protein_coding	0	0	0	1	0	0	0	1	0	0	0	0	0	0	0	0
RECQL4	ENSG00000160957	ENST00000531875	protein_coding	0	0	0	1	0	0	0	0	0	0	0	0	0	0	0	1
RECQL4	ENSG00000160957	ENST00000532846	protein_coding	0	1	0	0	0	0	0	0	0	1	0	1	0	0	0	0
RECQL4	ENSG00000160957	ENST00000534626	protein_coding	0	1	0	0	0	0	0	0	0	1	0	1	0	0	0	0
RECQL4	ENSG00000160957	ENST00000617875	protein_coding	0	1	0	0	0	0	0	0	0	1	0	1	0	0	0	0
RECQL4	ENSG00000160957	ENST00000621189	protein_coding	0	1	0	0	0	0	0	0	0	1	0	1	0	0	0	0
RET	ENSG00000165731	ENST00000340058	protein_coding	0	0	0	2	0	0	0	0	0	2	0	0	0	0	0	0
RET	ENSG00000165731	ENST00000355710	protein_coding	0	0	0	2	0	0	0	0	0	2	0	0	0	0	0	0
RET	ENSG00000165731	ENST00000498820	protein_coding	0	0	0	1	0	0	0	1	0	0	0	0	0	0	0	0
RET	ENSG00000165731	ENST00000615310	protein_coding	0	0	0	2	0	0	0	0	0	2	0	0	0	0	0	0
RIT1	ENSG00000143622	ENST00000368322	protein_coding	0	1	0	0	0	0	0	0	0	1	0	1	0	0	0	0
RIT1	ENSG00000143622	ENST00000368323	protein_coding	0	1	0	0	0	0	0	0	0	1	0	1	0	0	0	0
RIT1	ENSG00000143622	ENST00000539040	protein_coding	0	0	0	1	0	0	0	0	0	1	0	0	0	0	0	0
RIT1	ENSG00000143622	ENST00000609492	protein_coding	0	0	0	1	0	0	1	0	0	0	0	0	0	0	0	0
RIT1	ENSG00000143622	ENST00000651833	protein_coding	0	1	0	0	0	0	0	0	0	1	0	1	0	0	0	0
RIT1	ENSG00000143622	ENST00000651853	protein_coding	0	1	0	0	0	0	0	0	0	1	0	1	0	0	0	0
ROS1	ENSG00000047936	ENST00000368507	protein_coding	0	0	1	6	0	0	0	0	0	6	1	0	0	0	0	0
ROS1	ENSG00000047936	ENST00000368508	protein_coding	0	0	1	6	0	0	0	0	0	6	1	0	0	0	0	0
ROS1	ENSG00000047936	ENST00000403284	protein_coding	0	0	0	2	0	0	0	2	0	0	0	0	0	0	0	0
SDHA	ENSG00000073578	ENST00000264932	protein_coding	0	0	0	1	0	0	0	0	0	1	0	0	0	0	0	0
SDHA	ENSG00000073578	ENST00000504309	protein_coding	0	0	0	1	0	0	0	0	0	1	0	0	0	0	0	0
SDHA	ENSG00000073578	ENST00000510361	protein_coding	0	0	0	1	0	0	0	0	0	1	0	0	0	0	0	0
SDHD	ENSG00000204370	ENST00000375549	protein_coding	0	0	1	1	0	0	0	0	0	1	1	0	0	0	0	0
SDHD	ENSG00000204370	ENST00000525291	protein_coding	0	0	0	2	0	0	0	0	0	2	0	0	0	0	0	0
SDHD	ENSG00000204370	ENST00000526592	protein_coding	0	0	1	1	0	0	0	0	0	1	1	0	0	0	0	0
SDHD	ENSG00000204370	ENST00000528021	protein_coding	0	0	1	1	0	0	0	0	0	1	1	0	0	0	0	0
SDHD	ENSG00000204370	ENST00000528048	protein_coding	0	0	1	1	0	0	0	0	0	1	1	0	0	0	0	0
SDHD	ENSG00000204370	ENST00000528182	protein_coding	0	0	1	1	0	0	0	0	0	1	1	0	0	0	0	0
SETD2	ENSG00000181555	ENST00000409792	protein_coding	0	0	1	2	0	0	0	0	0	2	1	0	0	0	0	0
SETD2	ENSG00000181555	ENST00000412450	protein_coding	0	0	1	1	0	0	0	1	0	0	1	0	0	0	0	0
SETD2	ENSG00000181555	ENST00000638947	protein_coding	0	0	1	2	0	0	0	0	0	2	1	0	0	0	0	0
SETD2	ENSG00000181555	ENST00000685005	protein_coding	0	0	1	2	0	0	0	0	0	2	1	0	0	0	0	0
SETD2	ENSG00000181555	ENST00000685399	protein_coding	0	0	1	1	0	0	0	0	0	1	1	0	0	0	0	0
SETD2	ENSG00000181555	ENST00000686876	protein_coding	0	0	1	2	0	0	0	0	0	2	1	0	0	0	0	0
SETD2	ENSG00000181555	ENST00000690157	protein_coding	0	0	1	2	0	0	0	0	0	2	1	0	0	0	0	0
SETD2	ENSG00000181555	ENST00000691544	protein_coding	0	0	0	3	0	0	0	0	0	3	0	0	0	0	0	0
SETD2	ENSG00000181555	ENST00000691902	protein_coding	0	0	1	2	0	0	0	0	0	2	1	0	0	0	0	0
SLX4	ENSG00000188827	ENST00000294008	protein_coding	0	1	1	0	0	0	0	0	0	1	1	1	0	0	0	0
SMARCA4	ENSG00000127616	ENST00000344626	protein_coding	0	0	0	2	0	0	0	0	0	2	0	0	0	0	0	0
SMARCA4	ENSG00000127616	ENST00000429416	protein_coding	0	0	0	2	0	0	0	0	0	2	0	0	0	0	0	0
SMARCA4	ENSG00000127616	ENST00000444061	protein_coding	0	0	0	2	0	0	0	0	0	2	0	0	0	0	0	0
SMARCA4	ENSG00000127616	ENST00000538456	protein_coding	0	0	0	1	0	0	0	0	0	1	0	0	0	0	0	0
SMARCA4	ENSG00000127616	ENST00000541122	protein_coding	0	0	0	2	0	0	0	0	0	2	0	0	0	0	0	0
SMARCA4	ENSG00000127616	ENST00000586985	protein_coding	0	0	0	1	0	0	0	0	0	1	0	0	0	0	0	0
SMARCA4	ENSG00000127616	ENST00000589677	protein_coding	0	0	0	2	0	0	0	0	0	2	0	0	0	0	0	0
SMARCA4	ENSG00000127616	ENST00000590574	protein_coding	0	0	0	2	0	0	0	0	0	2	0	0	0	0	0	0
SMARCA4	ENSG00000127616	ENST00000591545	protein_coding	0	0	0	1	0	0	0	0	0	1	0	0	0	0	0	0
SMARCA4	ENSG00000127616	ENST00000592158	protein_coding	0	0	0	1	0	0	0	0	0	1	0	0	0	0	0	0
SMARCA4	ENSG00000127616	ENST00000642350	protein_coding	0	0	0	2	0	0	0	0	0	2	0	0	0	0	0	0
SMARCA4	ENSG00000127616	ENST00000642508	protein_coding	0	0	0	1	0	0	0	0	0	1	0	0	0	0	0	0
SMARCA4	ENSG00000127616	ENST00000642628	protein_coding	0	0	0	2	0	0	0	0	0	2	0	0	0	0	0	0
SMARCA4	ENSG00000127616	ENST00000642726	protein_coding	0	0	0	2	0	0	0	0	0	2	0	0	0	0	0	0
SMARCA4	ENSG00000127616	ENST00000643208	protein_coding	0	0	0	2	0	0	0	0	0	2	0	0	0	0	0	0
SMARCA4	ENSG00000127616	ENST00000643296	protein_coding	0	0	0	2	0	0	0	0	0	2	0	0	0	0	0	0
SMARCA4	ENSG00000127616	ENST00000643534	protein_coding	0	0	0	2	0	0	0	0	0	2	0	0	0	0	0	0
SMARCA4	ENSG00000127616	ENST00000643549	protein_coding	0	0	0	2	0	0	0	0	0	2	0	0	0	0	0	0
SMARCA4	ENSG00000127616	ENST00000643857	protein_coding	0	0	0	2	0	0	0	0	0	2	0	0	0	0	0	0
SMARCA4	ENSG00000127616	ENST00000643995	protein_coding	0	0	0	2	0	0	0	0	0	2	0	0	0	0	0	0
SMARCA4	ENSG00000127616	ENST00000644065	protein_coding	0	0	0	2	0	0	0	0	0	2	0	0	0	0	0	0
SMARCA4	ENSG00000127616	ENST00000644737	protein_coding	0	0	0	2	0	0	0	0	0	2	0	0	0	0	0	0
SMARCA4	ENSG00000127616	ENST00000644963	protein_coding	0	0	0	2	0	0	0	0	0	2	0	0	0	0	0	0
SMARCA4	ENSG00000127616	ENST00000645236	protein_coding	0	0	0	1	0	0	0	0	0	1	0	0	0	0	0	0
SMARCA4	ENSG00000127616	ENST00000645460	protein_coding	0	0	0	2	0	0	0	0	0	2	0	0	0	0	0	0
SMARCA4	ENSG00000127616	ENST00000646183	protein_coding	0	0	0	2	0	0	0	0	0	2	0	0	0	0	0	0
SMARCA4	ENSG00000127616	ENST00000646484	protein_coding	0	0	0	2	0	0	0	0	0	2	0	0	0	0	0	0
SMARCA4	ENSG00000127616	ENST00000646510	protein_coding	0	0	0	2	0	0	0	0	0	2	0	0	0	0	0	0
SMARCA4	ENSG00000127616	ENST00000646513	protein_coding	0	0	0	1	0	0	0	0	0	1	0	0	0	0	0	0
SMARCA4	ENSG00000127616	ENST00000646693	protein_coding	0	0	0	2	0	0	0	0	0	2	0	0	0	0	0	0
SMARCA4	ENSG00000127616	ENST00000646746	protein_coding	0	0	0	2	0	0	0	0	0	2	0	0	0	0	0	0
SMARCA4	ENSG00000127616	ENST00000647230	protein_coding	0	0	0	2	0	0	0	0	0	2	0	0	0	0	0	0
SMARCA4	ENSG00000127616	ENST00000647268	protein_coding	0	0	0	2	0	0	0	0	0	2	0	0	0	0	0	0
SMO	ENSG00000128602	ENST00000249373	protein_coding	0	0	0	1	0	0	0	0	0	1	0	0	0	0	0	0
SUFU	ENSG00000107882	ENST00000369899	protein_coding	0	0	1	1	0	0	0	0	0	1	1	0	0	0	0	0
SUFU	ENSG00000107882	ENST00000369902	protein_coding	0	0	1	1	0	0	0	0	0	1	1	0	0	0	0	0
SUFU	ENSG00000107882	ENST00000423559	protein_coding	0	0	1	1	0	0	0	0	0	1	1	0	0	0	0	0
TEX14	ENSG00000121101	ENST00000240361	protein_coding	0	0	0	1	0	0	0	0	0	0	0	0	0	0	0	1
TEX14	ENSG00000121101	ENST00000349033	protein_coding	0	0	0	1	0	0	0	0	0	0	0	0	0	0	0	1
TEX14	ENSG00000121101	ENST00000389934	protein_coding	0	0	0	1	0	0	0	0	0	0	0	0	0	0	0	1
TFEB	ENSG00000112561	ENST00000230323	protein_coding	0	0	0	1	0	0	0	0	0	1	0	0	0	0	0	0
TFEB	ENSG00000112561	ENST00000343317	protein_coding	0	0	0	1	0	0	0	0	0	1	0	0	0	0	0	0
TFEB	ENSG00000112561	ENST00000358871	protein_coding	0	0	0	1	0	0	0	0	0	1	0	0	0	0	0	0
TFEB	ENSG00000112561	ENST00000373033	protein_coding	0	0	0	1	0	0	0	0	0	1	0	0	0	0	0	0
TFEB	ENSG00000112561	ENST00000394283	protein_coding	0	0	0	1	0	0	0	0	0	1	0	0	0	0	0	0
TFEB	ENSG00000112561	ENST00000403298	protein_coding	0	0	0	1	0	0	0	0	0	1	0	0	0	0	0	0
TFEB	ENSG00000112561	ENST00000406563	protein_coding	0	0	0	1	0	0	0	0	0	1	0	0	0	0	0	0
TFEB	ENSG00000112561	ENST00000416140	protein_coding	0	0	0	1	0	0	0	0	0	1	0	0	0	0	0	0
TFEB	ENSG00000112561	ENST00000419396	protein_coding	0	0	0	1	0	0	0	0	0	1	0	0	0	0	0	0
TFEB	ENSG00000112561	ENST00000419574	protein_coding	0	0	0	1	0	0	0	0	0	1	0	0	0	0	0	0
TFEB	ENSG00000112561	ENST00000420312	protein_coding	0	0	0	1	0	0	0	0	0	1	0	0	0	0	0	0
TFEB	ENSG00000112561	ENST00000424495	protein_coding	0	0	0	1	0	0	0	0	0	1	0	0	0	0	0	0
TFEB	ENSG00000112561	ENST00000445214	protein_coding	0	0	0	1	0	0	0	0	0	1	0	0	0	0	0	0
TFEB	ENSG00000112561	ENST00000677531	protein_coding	0	0	0	1	0	0	0	0	0	1	0	0	0	0	0	0
TFEB	ENSG00000112561	ENST00000678831	protein_coding	0	0	0	1	0	0	0	0	0	1	0	0	0	0	0	0
TIMM8B	ENSG00000150779	ENST00000504148	protein_coding	0	0	0	2	0	0	0	0	0	0	0	0	0	0	0	2
TIMM8B	ENSG00000150779	ENST00000541231	protein_coding	0	0	0	2	0	0	0	0	0	0	0	0	0	0	0	2
TMPRSS2	ENSG00000184012	ENST00000332149	protein_coding	0	1	0	4	0	0	0	0	0	4	0	0	0	0	1	0
TMPRSS2	ENSG00000184012	ENST00000398585	protein_coding	0	1	0	4	0	0	0	0	0	4	0	0	0	0	1	0
TMPRSS2	ENSG00000184012	ENST00000424093	protein_coding	0	0	0	5	0	0	0	0	0	5	0	0	0	0	0	0
TMPRSS2	ENSG00000184012	ENST00000454499	protein_coding	0	1	0	4	0	0	0	0	0	4	0	0	0	0	1	0
TMPRSS2	ENSG00000184012	ENST00000455813	protein_coding	0	0	0	2	0	0	0	2	0	0	0	0	0	0	0	0
TMPRSS2	ENSG00000184012	ENST00000458356	protein_coding	0	1	0	4	0	0	0	0	0	4	0	0	0	0	1	0
TMPRSS2	ENSG00000184012	ENST00000676973	protein_coding	0	1	0	4	0	0	0	0	0	4	0	0	0	0	1	0
TMPRSS2	ENSG00000184012	ENST00000678171	protein_coding	0	1	0	4	0	0	0	0	0	4	0	0	0	0	1	0
TMPRSS2	ENSG00000184012	ENST00000678348	protein_coding	0	1	0	4	0	0	0	0	0	4	0	0	0	0	1	0
TMPRSS2	ENSG00000184012	ENST00000678743	protein_coding	0	1	0	4	0	0	0	0	0	4	0	0	0	0	1	0
TMPRSS2	ENSG00000184012	ENST00000679016	protein_coding	0	0	0	5	0	0	0	0	0	5	0	0	0	0	0	0
TMPRSS2	ENSG00000184012	ENST00000679054	protein_coding	0	1	0	4	0	0	0	0	0	4	0	0	0	0	1	0
TMPRSS2	ENSG00000184012	ENST00000679263	protein_coding	0	1	0	4	0	0	0	0	0	4	0	0	0	0	1	0
TNFAIP3	ENSG00000118503	ENST00000237289	protein_coding	0	0	0	1	0	0	0	0	0	1	0	0	0	0	0	0
TNFAIP3	ENSG00000118503	ENST00000420009	protein_coding	0	0	0	1	0	0	0	0	0	1	0	0	0	0	0	0
TNFAIP3	ENSG00000118503	ENST00000421450	protein_coding	0	0	0	1	0	0	0	0	0	1	0	0	0	0	0	0
TNFAIP3	ENSG00000118503	ENST00000433680	protein_coding	0	0	0	1	0	0	0	0	0	1	0	0	0	0	0	0
TNFAIP3	ENSG00000118503	ENST00000612899	protein_coding	0	0	0	1	0	0	0	0	0	1	0	0	0	0	0	0
TP53	ENSG00000141510	ENST00000269305	protein_coding	1	0	0	1	0	0	0	0	1	1	0	0	0	0	0	0
TP53	ENSG00000141510	ENST00000359597	protein_coding	1	0	0	1	0	0	0	0	1	1	0	0	0	0	0	0
TP53	ENSG00000141510	ENST00000413465	protein_coding	0	0	0	2	0	0	0	0	0	2	0	0	0	0	0	0
TP53	ENSG00000141510	ENST00000420246	protein_coding	1	0	0	1	0	0	0	0	1	1	0	0	0	0	0	0
TP53	ENSG00000141510	ENST00000445888	protein_coding	1	0	0	1	0	0	0	0	1	1	0	0	0	0	0	0
TP53	ENSG00000141510	ENST00000455263	protein_coding	1	0	0	1	0	0	0	0	1	1	0	0	0	0	0	0
TP53	ENSG00000141510	ENST00000503591	protein_coding	0	0	0	2	0	0	0	2	0	0	0	0	0	0	0	0
TP53	ENSG00000141510	ENST00000504290	protein_coding	1	0	0	1	0	0	0	0	1	1	0	0	0	0	0	0
TP53	ENSG00000141510	ENST00000504937	protein_coding	1	0	0	1	0	0	0	0	1	1	0	0	0	0	0	0
TP53	ENSG00000141510	ENST00000508793	protein_coding	0	0	0	2	0	0	0	2	0	0	0	0	0	0	0	0
TP53	ENSG00000141510	ENST00000509690	protein_coding	1	0	0	1	0	0	0	0	1	1	0	0	0	0	0	0
TP53	ENSG00000141510	ENST00000510385	protein_coding	1	0	0	1	0	0	0	0	1	1	0	0	0	0	0	0
TP53	ENSG00000141510	ENST00000514944	protein_coding	0	0	0	2	0	0	0	2	0	0	0	0	0	0	0	0
TP53	ENSG00000141510	ENST00000576024	protein_coding	0	0	0	3	0	0	1	0	0	0	0	0	1	0	0	1
TP53	ENSG00000141510	ENST00000604348	protein_coding	0	0	0	2	0	0	0	2	0	0	0	0	0	0	0	0
TP53	ENSG00000141510	ENST00000610292	protein_coding	1	0	0	1	0	0	0	0	1	1	0	0	0	0	0	0
TP53	ENSG00000141510	ENST00000610538	protein_coding	1	0	0	1	0	0	0	0	1	1	0	0	0	0	0	0
TP53	ENSG00000141510	ENST00000610623	protein_coding	1	0	0	1	0	0	0	0	1	1	0	0	0	0	0	0
TP53	ENSG00000141510	ENST00000618944	protein_coding	1	0	0	1	0	0	0	0	1	1	0	0	0	0	0	0
TP53	ENSG00000141510	ENST00000619186	protein_coding	1	0	0	1	0	0	0	0	1	1	0	0	0	0	0	0
TP53	ENSG00000141510	ENST00000619485	protein_coding	1	0	0	1	0	0	0	0	1	1	0	0	0	0	0	0
TP53	ENSG00000141510	ENST00000620739	protein_coding	1	0	0	1	0	0	0	0	1	1	0	0	0	0	0	0
TP53	ENSG00000141510	ENST00000622645	protein_coding	1	0	0	1	0	0	0	0	1	1	0	0	0	0	0	0
TSC1	ENSG00000165699	ENST00000298552	protein_coding	0	1	0	0	0	0	0	0	0	1	0	1	0	0	0	0
TSC1	ENSG00000165699	ENST00000403810	protein_coding	0	1	0	0	0	0	0	0	0	1	0	1	0	0	0	0
TSC1	ENSG00000165699	ENST00000440111	protein_coding	0	1	0	0	0	0	0	0	0	1	0	1	0	0	0	0
TSC1	ENSG00000165699	ENST00000475903	protein_coding	0	1	0	0	0	0	0	0	0	1	0	1	0	0	0	0
TSC1	ENSG00000165699	ENST00000490179	protein_coding	0	0	0	1	0	0	0	1	0	0	0	0	0	0	0	0
TSC1	ENSG00000165699	ENST00000545250	protein_coding	0	1	0	0	0	0	0	0	0	1	0	1	0	0	0	0
TSC1	ENSG00000165699	ENST00000642617	protein_coding	0	1	0	0	0	0	0	0	0	1	0	1	0	0	0	0
TSC1	ENSG00000165699	ENST00000642627	protein_coding	0	1	0	0	0	0	0	0	0	1	0	1	0	0	0	0
TSC1	ENSG00000165699	ENST00000642646	protein_coding	0	1	0	0	0	0	0	0	0	1	0	1	0	0	0	0
TSC1	ENSG00000165699	ENST00000642745	protein_coding	0	1	0	0	0	0	0	0	0	1	0	1	0	0	0	0
TSC1	ENSG00000165699	ENST00000643072	protein_coding	0	1	0	0	0	0	0	0	0	1	0	1	0	0	0	0
TSC1	ENSG00000165699	ENST00000643362	protein_coding	0	1	0	0	0	0	0	0	0	1	0	1	0	0	0	0
TSC1	ENSG00000165699	ENST00000643583	protein_coding	0	1	0	0	0	0	0	0	0	1	0	1	0	0	0	0
TSC1	ENSG00000165699	ENST00000643691	protein_coding	0	1	0	0	0	0	0	0	0	1	0	1	0	0	0	0
TSC1	ENSG00000165699	ENST00000643875	protein_coding	0	1	0	0	0	0	0	0	0	1	0	1	0	0	0	0
TSC1	ENSG00000165699	ENST00000644097	protein_coding	0	1	0	0	0	0	0	0	0	1	0	1	0	0	0	0
TSC1	ENSG00000165699	ENST00000645129	protein_coding	0	1	0	0	0	0	0	0	0	1	0	1	0	0	0	0
TSC1	ENSG00000165699	ENST00000645150	protein_coding	0	1	0	0	0	0	0	0	0	1	0	1	0	0	0	0
TSC1	ENSG00000165699	ENST00000646440	protein_coding	0	0	0	1	0	0	0	1	0	0	0	0	0	0	0	0
TSC1	ENSG00000165699	ENST00000646625	protein_coding	0	1	0	0	0	0	0	0	0	1	0	1	0	0	0	0
TSC1	ENSG00000165699	ENST00000647078	protein_coding	0	1	0	0	0	0	0	0	0	1	0	1	0	0	0	0
TSC1	ENSG00000165699	ENST00000647462	protein_coding	0	1	0	0	0	0	0	0	0	1	0	1	0	0	0	0
TSC2	ENSG00000103197	ENST00000219476	protein_coding	0	0	0	2	0	0	0	0	0	2	0	0	0	0	0	0
TSC2	ENSG00000103197	ENST00000350773	protein_coding	0	0	0	2	0	0	0	0	0	2	0	0	0	0	0	0
TSC2	ENSG00000103197	ENST00000382538	protein_coding	0	0	0	2	0	0	0	0	0	2	0	0	0	0	0	0
TSC2	ENSG00000103197	ENST00000401874	protein_coding	0	0	0	2	0	0	0	0	0	2	0	0	0	0	0	0
TSC2	ENSG00000103197	ENST00000439673	protein_coding	0	0	0	2	0	0	0	0	0	2	0	0	0	0	0	0
TSC2	ENSG00000103197	ENST00000568454	protein_coding	0	0	0	2	0	0	0	0	0	2	0	0	0	0	0	0
TSC2	ENSG00000103197	ENST00000642365	protein_coding	0	0	0	2	0	0	0	0	0	2	0	0	0	0	0	0
TSC2	ENSG00000103197	ENST00000642561	protein_coding	0	0	0	2	0	0	0	0	0	2	0	0	0	0	0	0
TSC2	ENSG00000103197	ENST00000642797	protein_coding	0	0	0	2	0	0	0	0	0	2	0	0	0	0	0	0
TSC2	ENSG00000103197	ENST00000642936	protein_coding	0	0	0	2	0	0	0	0	0	2	0	0	0	0	0	0
TSC2	ENSG00000103197	ENST00000643088	protein_coding	0	0	0	2	0	0	0	0	0	2	0	0	0	0	0	0
TSC2	ENSG00000103197	ENST00000643946	protein_coding	0	0	0	2	0	0	0	0	0	2	0	0	0	0	0	0
TSC2	ENSG00000103197	ENST00000644043	protein_coding	0	0	0	2	0	0	0	0	0	2	0	0	0	0	0	0
TSC2	ENSG00000103197	ENST00000644329	protein_coding	0	0	0	2	0	0	0	0	0	2	0	0	0	0	0	0
TSC2	ENSG00000103197	ENST00000644335	protein_coding	0	0	0	2	0	0	0	0	0	2	0	0	0	0	0	0
TSC2	ENSG00000103197	ENST00000644399	protein_coding	0	0	0	2	0	0	0	0	0	2	0	0	0	0	0	0
TSC2	ENSG00000103197	ENST00000645186	protein_coding	0	0	0	2	0	0	0	1	0	0	0	0	0	0	0	1
TSC2	ENSG00000103197	ENST00000646388	protein_coding	0	0	0	2	0	0	0	0	0	2	0	0	0	0	0	0
WRN	ENSG00000165392	ENST00000298139	protein_coding	0	0	0	1	0	0	0	0	0	1	0	0	0	0	0	0
WRN	ENSG00000165392	ENST00000651642	protein_coding	0	0	0	1	0	0	0	0	0	1	0	0	0	0	0	0
WT1	ENSG00000184937	ENST00000332351	protein_coding	0	0	0	1	0	0	0	0	0	1	0	0	0	0	0	0
WT1	ENSG00000184937	ENST00000379079	protein_coding	0	0	0	1	0	0	0	0	0	1	0	0	0	0	0	0
WT1	ENSG00000184937	ENST00000448076	protein_coding	0	0	0	1	0	0	0	0	0	1	0	0	0	0	0	0
WT1	ENSG00000184937	ENST00000452863	protein_coding	0	0	0	1	0	0	0	0	0	1	0	0	0	0	0	0
WT1	ENSG00000184937	ENST00000530998	protein_coding	0	0	0	1	0	0	0	0	0	1	0	0	0	0	0	0
WT1	ENSG00000184937	ENST00000639563	protein_coding	0	0	0	1	0	0	0	0	0	1	0	0	0	0	0	0
WT1	ENSG00000184937	ENST00000640146	protein_coding	0	0	0	1	0	0	0	0	0	1	0	0	0	0	0	0
XRN1	ENSG00000114127	ENST00000264951	protein_coding	0	0	0	1	0	0	0	0	0	0	0	0	0	0	0	1
ZAR1L	ENSG00000189167	ENST00000533490	protein_coding	0	0	0	2	0	0	0	0	0	0	0	0	0	0	0	2
